"Points:0","Points:1","Points:2"
0.45333335,1.0333205,0
0.45333335,1.0333205,1
0.4532735,1.0333333,1
0.4532735,1.0333333,0
0.46000001,1.0321189,1
0.46000001,1.0321189,0
0.46666667,1.0310724,1
0.46666667,1.0310724,0
0.47333333,1.0301894,1
0.47333333,1.0301894,0
0.47999999,1.0294782,1
0.47999999,1.0294782,0
0.48666668,1.0289506,1
0.48666668,1.0289506,0
0.49333334,1.0286226,1
0.49333334,1.0286226,0
0.5,1.0285109,1
0.5,1.0285109,0
0.50666666,1.0286226,1
0.50666666,1.0286226,0
0.51333332,1.0289506,1
0.51333332,1.0289506,0
0.51999998,1.0294782,1
0.51999998,1.0294782,0
0.52666664,1.0301894,1
0.52666664,1.0301894,0
0.53333336,1.0310724,1
0.53333336,1.0310724,0
0.54000002,1.0321189,1
0.54000002,1.0321189,0
0.54666668,1.0333205,1
0.54666668,1.0333205,0
0.54672652,1.0333333,0
0.54672652,1.0333333,1
0.42666668,1.0395701,0
0.42666668,1.0395701,1
0.42523733,1.04,1
0.42523733,1.04,0
0.43333334,1.0378032,1
0.43333334,1.0378032,0
0.44,1.0361636,1
0.44,1.0361636,0
0.44666666,1.0346705,1
0.44666666,1.0346705,0
0.55333334,1.0346705,1
0.55333334,1.0346705,0
0.56,1.0361636,1
0.56,1.0361636,0
0.56666666,1.0378032,1
0.56666666,1.0378032,0
0.57333332,1.0395701,1
0.57333332,1.0395701,0
0.57476264,1.04,0
0.57476264,1.04,1
0.40666667,1.0457385,0
0.40666667,1.0457385,1
0.40410721,1.0466666,1
0.40410721,1.0466666,0
0.41333333,1.0435631,1
0.41333333,1.0435631,0
0.41999999,1.0415138,1
0.41999999,1.0415138,0
0.57999998,1.0415138,1
0.57999998,1.0415138,0
0.58666664,1.0435631,1
0.58666664,1.0435631,0
0.5933333,1.0457385,1
0.5933333,1.0457385,0
0.59589279,1.0466666,0
0.59589279,1.0466666,1
0.38666666,1.053202,0
0.38666666,1.053202,1
0.38637969,1.0533333,1
0.38637969,1.0533333,0
0.39333335,1.0505848,1
0.39333335,1.0505848,0
0.40000001,1.0481286,1
0.40000001,1.0481286,0
0.60000002,1.0481286,1
0.60000002,1.0481286,0
0.60666668,1.0505848,1
0.60666668,1.0505848,0
0.61333334,1.053202,1
0.61333334,1.053202,0
0.61362028,1.0533333,0
0.61362028,1.0533333,1
0.37333333,1.0588442,0
0.37333333,1.0588442,1
0.37093607,1.0599999,1
0.37093607,1.0599999,0
0.38,1.0559804,1
0.38,1.0559804,0
0.62,1.0559804,1
0.62,1.0559804,0
0.62666667,1.0588442,1
0.62666667,1.0588442,0
0.6290639,1.0599999,0
0.6290639,1.0599999,1
0.36000001,1.0651227,0
0.36000001,1.0651227,1
0.35706964,1.0666667,1
0.35706964,1.0666667,0
0.36666667,1.0619953,1
0.36666667,1.0619953,0
0.63333333,1.0619953,1
0.63333333,1.0619953,0
0.63999999,1.0651227,1
0.63999999,1.0651227,0
0.64293033,1.0666667,0
0.64293033,1.0666667,1
0.34666666,1.0720166,0
0.34666666,1.0720166,1
0.34443948,1.0733334,1
0.34443948,1.0733334,0
0.35333332,1.068609,1
0.35333332,1.068609,0
0.64666665,1.068609,1
0.64666665,1.068609,0
0.65333331,1.0720166,1
0.65333331,1.0720166,0
0.65556049,1.0733334,0
0.65556049,1.0733334,1
0.33333334,1.0796252,0
0.33333334,1.0796252,1
0.33278206,1.08,1
0.33278206,1.08,0
0.34,1.0758417,1
0.34,1.0758417,0
0.66000003,1.0758417,1
0.66000003,1.0758417,0
0.66666669,1.0796252,1
0.66666669,1.0796252,0
0.66721797,1.08,0
0.66721797,1.08,1
0.32666665,1.0836922,0
0.32666665,1.0836922,1
0.32203934,1.0866667,1
0.32203934,1.0866667,0
0.67333335,1.0836922,1
0.67333335,1.0836922,0
0.67796063,1.0866667,0
0.67796063,1.0866667,1
0.31333333,1.0922703,0
0.31333333,1.0922703,1
0.3119151,1.0933334,1
0.3119151,1.0933334,0
0.31999999,1.0880685,1
0.31999999,1.0880685,0
0.68000001,1.0880685,1
0.68000001,1.0880685,0
0.68666667,1.0922703,1
0.68666667,1.0922703,0
0.6880849,1.0933334,0
0.6880849,1.0933334,1
0.30666667,1.0969676,0
0.30666667,1.0969676,1
0.30256987,1.1,1
0.30256987,1.1,0
0.69333333,1.0969676,1
0.69333333,1.0969676,0
0.69743013,1.1,0
0.69743013,1.1,1
0.30000001,1.1019818,0
0.30000001,1.1019818,1
0.29365203,1.1066667,1
0.29365203,1.1066667,0
0.69999999,1.1019818,1
0.69999999,1.1019818,0
0.70634794,1.1066667,0
0.70634794,1.1066667,1
0.28666666,1.1119974,0
0.28666666,1.1119974,1
0.28511521,1.1133333,1
0.28511521,1.1133333,0
0.29333332,1.1069319,1
0.29333332,1.1069319,0
0.70666665,1.1069319,1
0.70666665,1.1069319,0
0.71333331,1.1119974,1
0.71333331,1.1119974,0
0.71488476,1.1133333,0
0.71488476,1.1133333,1
0.28,1.1175447,0
0.28,1.1175447,1
0.27722064,1.12,1
0.27722064,1.12,0
0.72000003,1.1175447,1
0.72000003,1.1175447,0
0.72277939,1.12,0
0.72277939,1.12,1
0.27333334,1.1234292,0
0.27333334,1.1234292,1
0.26978117,1.1266667,1
0.26978117,1.1266667,0
0.72666669,1.1234292,1
0.72666669,1.1234292,0
0.73021889,1.1266667,0
0.73021889,1.1266667,1
0.26666668,1.1295582,0
0.26666668,1.1295582,1
0.26267731,1.1333333,1
0.26267731,1.1333333,0
0.73333335,1.1295582,1
0.73333335,1.1295582,0
0.73732269,1.1333333,0
0.73732269,1.1333333,1
0.25999999,1.1359267,0
0.25999999,1.1359267,1
0.25587335,1.14,1
0.25587335,1.14,0
0.74000001,1.1359267,1
0.74000001,1.1359267,0
0.74412668,1.14,0
0.74412668,1.14,1
0.25333333,1.1425583,0
0.25333333,1.1425583,1
0.24934681,1.1466666,1
0.24934681,1.1466666,0
0.74666667,1.1425583,1
0.74666667,1.1425583,0
0.75065321,1.1466666,0
0.75065321,1.1466666,1
0.24666667,1.1494753,0
0.24666667,1.1494753,1
0.24307066,1.1533333,1
0.24307066,1.1533333,0
0.75333333,1.1494753,1
0.75333333,1.1494753,0
0.75692934,1.1533333,0
0.75692934,1.1533333,1
0.23999999,1.1566992,0
0.23999999,1.1566992,1
0.23702821,1.16,1
0.23702821,1.16,0
0.75999999,1.1566992,1
0.75999999,1.1566992,0
0.76297176,1.16,0
0.76297176,1.16,1
0.23333333,1.1642898,0
0.23333333,1.1642898,1
0.23125502,1.1666666,1
0.23125502,1.1666666,0
0.76666665,1.1642898,1
0.76666665,1.1642898,0
0.76874495,1.1666666,0
0.76874495,1.1666666,1
0.22666667,1.1724219,0
0.22666667,1.1724219,1
0.22588912,1.1733333,1
0.22588912,1.1733333,0
0.77333331,1.1724219,1
0.77333331,1.1724219,0
0.77411085,1.1733333,0
0.77411085,1.1733333,1
0.22092417,1.1799999,1
0.22092417,1.1799999,0
0.7790758,1.1799999,1
0.7790758,1.1799999,0
0.22,1.1811268,0
0.22,1.1811268,1
0.21587907,1.1866666,1
0.21587907,1.1866666,0
0.77999997,1.1811268,1
0.77999997,1.1811268,0
0.78412092,1.1866666,0
0.78412092,1.1866666,1
0.21333334,1.190061,0
0.21333334,1.190061,1
0.2108866,1.1933334,1
0.2108866,1.1933334,0
0.78666669,1.190061,1
0.78666669,1.190061,0
0.7891134,1.1933334,0
0.7891134,1.1933334,1
0.20666666,1.1996062,0
0.20666666,1.1996062,1
0.20636855,1.2,1
0.20636855,1.2,0
0.79333335,1.1996062,1
0.79333335,1.1996062,0
0.79363143,1.2,0
0.79363143,1.2,1
0.20206989,1.2066667,1
0.20206989,1.2066667,0
0.79793012,1.2066667,1
0.79793012,1.2066667,0
0.2,1.2097614,0
0.2,1.2097614,1
0.19765258,1.2133334,1
0.19765258,1.2133334,0
0.80000001,1.2097614,1
0.80000001,1.2097614,0
0.80234742,1.2133334,0
0.80234742,1.2133334,1
0.19370912,1.22,1
0.19370912,1.22,0
0.80629086,1.22,1
0.80629086,1.22,0
0.19333333,1.2205586,0
0.19333333,1.2205586,1
0.1897226,1.2266667,1
0.1897226,1.2266667,0
0.80666667,1.2205586,1
0.80666667,1.2205586,0
0.8102774,1.2266667,0
0.8102774,1.2266667,1
0.18666667,1.2320756,0
0.18666667,1.2320756,1
0.18589237,1.2333333,1
0.18589237,1.2333333,0
0.81333333,1.2320756,1
0.81333333,1.2320756,0
0.81410766,1.2333333,0
0.81410766,1.2333333,1
0.18235989,1.24,1
0.18235989,1.24,0
0.81764013,1.24,1
0.81764013,1.24,0
0.18000001,1.2444454,0
0.18000001,1.2444454,1
0.17877555,1.2466667,1
0.17877555,1.2466667,0
0.81999999,1.2444454,1
0.81999999,1.2444454,0
0.82122445,1.2466667,0
0.82122445,1.2466667,1
0.17551665,1.2533333,1
0.17551665,1.2533333,0
0.82448334,1.2533333,1
0.82448334,1.2533333,0
0.17333333,1.2577803,0
0.17333333,1.2577803,1
0.17220567,1.26,1
0.17220567,1.26,0
0.82666665,1.2577803,1
0.82666665,1.2577803,0
0.82779431,1.26,0
0.82779431,1.26,1
0.16917026,1.2666667,1
0.16917026,1.2666667,0
0.83082974,1.2666667,1
0.83082974,1.2666667,0
0.16666667,1.2722325,0
0.16666667,1.2722325,1
0.16613516,1.2733333,1
0.16613516,1.2733333,0
0.83333331,1.2722325,1
0.83333331,1.2722325,0
0.83386481,1.2733333,0
0.83386481,1.2733333,1
0.16333215,1.28,1
0.16333215,1.28,0
0.83666784,1.28,1
0.83666784,1.28,0
0.16057539,1.2866666,1
0.16057539,1.2866666,0
0.83942461,1.2866666,1
0.83942461,1.2866666,0
0.16,1.2880384,0
0.16,1.2880384,1
0.1579151,1.2933333,1
0.1579151,1.2933333,0
0.83999997,1.2880384,1
0.83999997,1.2880384,0
0.84208488,1.2933333,0
0.84208488,1.2933333,1
0.15535848,1.3,1
0.15535848,1.3,0
0.84464151,1.3,1
0.84464151,1.3,0
0.15333334,1.3054975,0
0.15333334,1.3054975,1
0.15287828,1.3066666,1
0.15287828,1.3066666,0
0.84666669,1.3054975,1
0.84666669,1.3054975,0
0.84712178,1.3066666,0
0.84712178,1.3066666,1
0.15060142,1.3133334,1
0.15060142,1.3133334,0
0.84939861,1.3133334,1
0.84939861,1.3133334,0
0.14829035,1.3200001,1
0.14829035,1.3200001,0
0.85170966,1.3200001,1
0.85170966,1.3200001,0
0.14666666,1.3249794,0
0.14666666,1.3249794,1
0.14609696,1.3266667,1
0.14609696,1.3266667,0
0.33333334,1.3255405,0
0.32998443,1.3266667,1
0.33333334,1.3255405,1
0.32998443,1.3266667,0
0.34,1.3240627,1
0.34,1.3240627,0
0.34666666,1.3232852,1
0.34666666,1.3232852,0
0.35333332,1.3232267,1
0.35333332,1.3232267,0
0.36000001,1.3239125,1
0.36000001,1.3239125,0
0.36666667,1.3253827,1
0.36666667,1.3253827,0
0.3702262,1.3266667,0
0.3702262,1.3266667,1
0.63333333,1.3253827,0
0.6297738,1.3266667,1
0.63333333,1.3253827,1
0.6297738,1.3266667,0
0.63999999,1.3239125,1
0.63999999,1.3239125,0
0.64666665,1.3232267,1
0.64666665,1.3232267,0
0.65333331,1.3232852,1
0.65333331,1.3232852,0
0.66000003,1.3240627,1
0.66000003,1.3240627,0
0.66666669,1.3255405,1
0.66666669,1.3255405,0
0.67001557,1.3266667,0
0.67001557,1.3266667,1
0.85333335,1.3249794,1
0.85333335,1.3249794,0
0.85390306,1.3266667,0
0.85390306,1.3266667,1
0.14409471,1.3333334,1
0.14409471,1.3333334,0
0.31999999,1.3306761,0
0.31523281,1.3333334,1
0.31999999,1.3306761,1
0.31523281,1.3333334,0
0.32666665,1.3277981,1
0.32666665,1.3277981,0
0.37333333,1.3278151,1
0.37333333,1.3278151,0
0.38,1.3310754,1
0.38,1.3310754,0
0.38322321,1.3333334,0
0.38322321,1.3333334,1
0.62,1.3310754,0
0.61677676,1.3333334,1
0.62,1.3310754,1
0.61677676,1.3333334,0
0.62666667,1.3278151,1
0.62666667,1.3278151,0
0.67333335,1.3277981,1
0.67333335,1.3277981,0
0.68000001,1.3306761,1
0.68000001,1.3306761,0
0.68476719,1.3333334,0
0.68476719,1.3333334,1
0.85590529,1.3333334,1
0.85590529,1.3333334,0
0.14203957,1.34,1
0.14203957,1.34,0
0.30666667,1.3386968,0
0.30505407,1.34,1
0.30666667,1.3386968,1
0.30505407,1.34,0
0.31333333,1.3344772,1
0.31333333,1.3344772,0
0.38666666,1.335821,1
0.38666666,1.335821,0
0.39139035,1.34,0
0.39139035,1.34,1
0.61333334,1.335821,0
0.60860968,1.34,1
0.61333334,1.335821,1
0.60860968,1.34,0
0.68666667,1.3344772,1
0.68666667,1.3344772,0
0.69333333,1.3386968,1
0.69333333,1.3386968,0
0.69494593,1.34,0
0.69494593,1.34,1
0.85796046,1.34,1
0.85796046,1.34,0
0.14009957,1.3466667,1
0.14009957,1.3466667,0
0.30000001,1.3439696,0
0.29702115,1.3466667,1
0.30000001,1.3439696,1
0.29702115,1.3466667,0
0.39333335,1.341933,1
0.39333335,1.341933,0
0.39758199,1.3466667,0
0.39758199,1.3466667,1
0.60666668,1.341933,0
0.60241807,1.3466667,1
0.60666668,1.341933,1
0.60241807,1.3466667,0
0.69999999,1.3439696,1
0.69999999,1.3439696,0
0.70297885,1.3466667,0
0.70297885,1.3466667,1
0.85990041,1.3466667,1
0.85990041,1.3466667,0
0.14,1.3470135,0
0.14,1.3470135,1
0.13829702,1.3533334,1
0.13829702,1.3533334,0
0.29333332,1.3501529,0
0.29018927,1.3533334,1
0.29333332,1.3501529,1
0.29018927,1.3533334,0
0.40000001,1.3498067,1
0.40000001,1.3498067,0
0.40260106,1.3533334,0
0.40260106,1.3533334,1
0.60000002,1.3498067,0
0.59739894,1.3533334,1
0.60000002,1.3498067,1
0.59739894,1.3533334,0
0.70666665,1.3501529,1
0.70666665,1.3501529,0
0.70981067,1.3533334,0
0.70981067,1.3533334,1
0.86000001,1.3470135,1
0.86000001,1.3470135,0
0.86170298,1.3533334,0
0.86170298,1.3533334,1
0.1365364,1.36,1
0.1365364,1.36,0
0.28666666,1.3571451,0
0.28410634,1.36,1
0.28666666,1.3571451,1
0.28410634,1.36,0
0.40645009,1.36,1
0.40645009,1.36,0
0.59354991,1.36,1
0.59354991,1.36,0
0.71333331,1.3571451,1
0.71333331,1.3571451,0
0.71589363,1.36,0
0.71589363,1.36,1
0.86346364,1.36,1
0.86346364,1.36,0
0.13477094,1.3666667,1
0.13477094,1.3666667,0
0.28,1.3651279,0
0.27872095,1.3666667,1
0.28,1.3651279,1
0.27872095,1.3666667,0
0.40666667,1.3603873,1
0.40666667,1.3603873,0
0.4097499,1.3666667,0
0.4097499,1.3666667,1
0.5933333,1.3603873,0
0.59025007,1.3666667,1
0.5933333,1.3603873,1
0.59025007,1.3666667,0
0.72000003,1.3651279,1
0.72000003,1.3651279,0
0.72127908,1.3666667,0
0.72127908,1.3666667,1
0.86522907,1.3666667,1
0.86522907,1.3666667,0
0.13333334,1.3724923,0
0.13333334,1.3724923,1
0.13311692,1.3733333,1
0.13311692,1.3733333,0
0.27407634,1.3733333,1
0.27407634,1.3733333,0
0.41246334,1.3733333,1
0.41246334,1.3733333,0
0.58753663,1.3733333,1
0.58753663,1.3733333,0
0.72592372,1.3733333,1
0.72592372,1.3733333,0
0.86666667,1.3724923,1
0.86666667,1.3724923,0
0.8668831,1.3733333,0
0.8668831,1.3733333,1
0.1316168,1.38,1
0.1316168,1.38,0
0.27333334,1.374317,0
0.26951474,1.38,1
0.27333334,1.374317,1
0.26951474,1.38,0
0.41333333,1.3757097,1
0.41333333,1.3757097,0
0.41484895,1.38,0
0.41484895,1.38,1
0.58666664,1.3757097,0
0.58515102,1.38,1
0.58666664,1.3757097,1
0.58515102,1.38,0
0.72666669,1.374317,1
0.72666669,1.374317,0
0.73048532,1.38,0
0.73048532,1.38,1
0.86838323,1.38,1
0.86838323,1.38,0
0.13011803,1.3866667,1
0.13011803,1.3866667,0
0.26666668,1.3844628,0
0.26519248,1.3866667,1
0.26666668,1.3844628,1
0.26519248,1.3866667,0
0.41675156,1.3866667,1
0.41675156,1.3866667,0
0.58324844,1.3866667,1
0.58324844,1.3866667,0
0.73333335,1.3844628,1
0.73333335,1.3844628,0
0.73480755,1.3866667,0
0.73480755,1.3866667,1
0.86988199,1.3866667,1
0.86988199,1.3866667,0
0.12862606,1.3933333,1
0.12862606,1.3933333,0
0.2614589,1.3933333,1
0.2614589,1.3933333,0
0.41842481,1.3933333,1
0.41842481,1.3933333,0
0.58157516,1.3933333,1
0.58157516,1.3933333,0
0.73854113,1.3933333,1
0.73854113,1.3933333,0
0.87137395,1.3933333,1
0.87137395,1.3933333,0
0.12718742,1.4,1
0.12718742,1.4,0
0.25999999,1.3958094,0
0.25763083,1.4,1
0.25999999,1.3958094,1
0.25763083,1.4,0
0.41991153,1.4,1
0.41991153,1.4,0
0.58008844,1.4,1
0.58008844,1.4,0
0.74000001,1.3958094,1
0.74000001,1.3958094,0
0.74236917,1.4,0
0.74236917,1.4,1
0.87281257,1.4,1
0.87281257,1.4,0
0.12666667,1.4025912,0
0.12666667,1.4025912,1
0.12585942,1.4066666,1
0.12585942,1.4066666,0
0.25422561,1.4066666,1
0.25422561,1.4066666,0
0.41999999,1.4004683,1
0.41999999,1.4004683,0
0.42111695,1.4066666,0
0.42111695,1.4066666,1
0.57999998,1.4004683,0
0.57888299,1.4066666,1
0.57999998,1.4004683,1
0.57888299,1.4066666,0
0.74577439,1.4066666,1
0.74577439,1.4066666,0
0.87333333,1.4025912,1
0.87333333,1.4025912,0
0.87414056,1.4066666,0
0.87414056,1.4066666,1
0.12463827,1.4133333,1
0.12463827,1.4133333,0
0.25333333,1.4083029,0
0.2507748,1.4133333,1
0.25333333,1.4083029,1
0.2507748,1.4133333,0
0.42205533,1.4133333,1
0.42205533,1.4133333,0
0.57794464,1.4133333,1
0.57794464,1.4133333,0
0.74666667,1.4083029,1
0.74666667,1.4083029,0
0.7492252,1.4133333,0
0.7492252,1.4133333,1
0.87536174,1.4133333,1
0.87536174,1.4133333,0
0.12341117,1.42,1
0.12341117,1.42,0
0.24761786,1.42,1
0.24761786,1.42,0
0.4228777,1.42,1
0.4228777,1.42,0
0.57712227,1.42,1
0.57712227,1.42,0
0.75238216,1.42,1
0.75238216,1.42,0
0.87658882,1.42,1
0.87658882,1.42,0
0.12218332,1.4266666,1
0.12218332,1.4266666,0
0.24666667,1.4219042,0
0.24441244,1.4266666,1
0.24666667,1.4219042,1
0.24441244,1.4266666,0
0.42359498,1.4266666,1
0.42359498,1.4266666,0
0.57640499,1.4266666,1
0.57640499,1.4266666,0
0.75333333,1.4219042,1
0.75333333,1.4219042,0
0.75558758,1.4266666,0
0.75558758,1.4266666,1
0.87781668,1.4266666,1
0.87781668,1.4266666,0
0.12096017,1.4333333,1
0.12096017,1.4333333,0
0.24145471,1.4333333,1
0.24145471,1.4333333,0
0.42419887,1.4333333,1
0.42419887,1.4333333,0
0.57580113,1.4333333,1
0.57580113,1.4333333,0
0.75854528,1.4333333,1
0.75854528,1.4333333,0
0.87903982,1.4333333,1
0.87903982,1.4333333,0
0.12,1.4391004,0
0.12,1.4391004,1
0.11984618,1.4400001,1
0.11984618,1.4400001,0
0.23999999,1.436529,0
0.23842891,1.4400001,1
0.23999999,1.436529,1
0.23842891,1.4400001,0
0.42470983,1.4400001,1
0.42470983,1.4400001,0
0.57529014,1.4400001,1
0.57529014,1.4400001,0
0.75999999,1.436529,1
0.75999999,1.436529,0
0.76157111,1.4400001,0
0.76157111,1.4400001,1
0.88,1.4391004,1
0.88,1.4391004,0
0.88015383,1.4400001,0
0.88015383,1.4400001,1
0.11885659,1.4466667,1
0.11885659,1.4466667,0
0.23561835,1.4466667,1
0.23561835,1.4466667,0
0.42514318,1.4466667,1
0.42514318,1.4466667,0
0.57485682,1.4466667,1
0.57485682,1.4466667,0
0.76438165,1.4466667,1
0.76438165,1.4466667,0
0.88114339,1.4466667,1
0.88114339,1.4466667,0
0.11786746,1.4533334,1
0.11786746,1.4533334,0
0.23333333,1.4521067,0
0.23278168,1.4533334,1
0.23333333,1.4521067,1
0.23278168,1.4533334,0
0.42550361,1.4533334,1
0.42550361,1.4533334,0
0.57449639,1.4533334,1
0.57449639,1.4533334,0
0.76666665,1.4521067,1
0.76666665,1.4521067,0
0.76721829,1.4533334,0
0.76721829,1.4533334,1
0.88213253,1.4533334,1
0.88213253,1.4533334,0
0.11688145,1.46,1
0.11688145,1.46,0
0.23008353,1.46,1
0.23008353,1.46,0
0.4257966,1.46,1
0.4257966,1.46,0
0.57420343,1.46,1
0.57420343,1.46,0
0.76991647,1.46,1
0.76991647,1.46,0
0.88311857,1.46,1
0.88311857,1.46,0
0.11590277,1.4666667,1
0.11590277,1.4666667,0
0.22746812,1.4666667,1
0.22746812,1.4666667,0
0.42602906,1.4666667,1
0.42602906,1.4666667,0
0.57397091,1.4666667,1
0.57397091,1.4666667,0
0.77253187,1.4666667,1
0.77253187,1.4666667,0
0.88409722,1.4666667,1
0.88409722,1.4666667,0
0.11493199,1.4733334,1
0.11493199,1.4733334,0
0.22666667,1.468599,0
0.22478427,1.4733334,1
0.22666667,1.468599,1
0.22478427,1.4733334,0
0.4262073,1.4733334,1
0.4262073,1.4733334,0
0.5737927,1.4733334,1
0.5737927,1.4733334,0
0.77333331,1.468599,1
0.77333331,1.468599,0
0.77521569,1.4733334,0
0.77521569,1.4733334,1
0.885068,1.4733334,1
0.885068,1.4733334,0
0.11397338,1.48,1
0.11397338,1.48,0
0.22224519,1.48,1
0.22224519,1.48,0
0.42633781,1.48,1
0.42633781,1.48,0
0.57366216,1.48,1
0.57366216,1.48,0
0.77775478,1.48,1
0.77775478,1.48,0
0.88602662,1.48,1
0.88602662,1.48,0
0.11333334,1.4849383,0
0.11333334,1.4849383,1
0.11310654,1.4866667,1
0.11310654,1.4866667,0
0.22,1.4859389,0
0.21970241,1.4866667,1
0.22,1.4859389,1
0.21970241,1.4866667,0
0.42642644,1.4866667,1
0.42642644,1.4866667,0
0.57357353,1.4866667,1
0.57357353,1.4866667,0
0.77999997,1.4859389,1
0.77999997,1.4859389,0
0.78029758,1.4866667,0
0.78029758,1.4866667,1
0.88666666,1.4849383,1
0.88666666,1.4849383,0
0.88689345,1.4866667,0
0.88689345,1.4866667,1
0.11234188,1.4933333,1
0.11234188,1.4933333,0
0.21721996,1.4933333,1
0.21721996,1.4933333,0
0.42647776,1.4933333,1
0.42647776,1.4933333,0
0.57352221,1.4933333,1
0.57352221,1.4933333,0
0.78278005,1.4933333,1
0.78278005,1.4933333,0
0.88765812,1.4933333,1
0.88765812,1.4933333,0
0.11158109,1.5,1
0.11158109,1.5,0
0.21484968,1.5,1
0.21484968,1.5,0
0.42649582,1.5,1
0.42649582,1.5,0
0.57350415,1.5,1
0.57350415,1.5,0
0.78515035,1.5,1
0.78515035,1.5,0
0.88841891,1.5,1
0.88841891,1.5,0
0.11081972,1.5066667,1
0.11081972,1.5066667,0
0.21333334,1.5041794,0
0.21240728,1.5066667,1
0.21333334,1.5041794,1
0.21240728,1.5066667,0
0.42648423,1.5066667,1
0.42648423,1.5066667,0
0.57351577,1.5066667,1
0.57351577,1.5066667,0
0.78666669,1.5041794,1
0.78666669,1.5041794,0
0.78759277,1.5066667,0
0.78759277,1.5066667,1
0.8891803,1.5066667,1
0.8891803,1.5066667,0
0.11005009,1.5133333,1
0.11005009,1.5133333,0
0.2100592,1.5133333,1
0.2100592,1.5133333,0
0.42644614,1.5133333,1
0.42644614,1.5133333,0
0.57355386,1.5133333,1
0.57355386,1.5133333,0
0.78994083,1.5133333,1
0.78994083,1.5133333,0
0.88994992,1.5133333,1
0.88994992,1.5133333,0
0.10927559,1.52,1
0.10927559,1.52,0
0.20781495,1.52,1
0.20781495,1.52,0
0.4263843,1.52,1
0.4263843,1.52,0
0.57361567,1.52,1
0.57361567,1.52,0
0.79218507,1.52,1
0.79218507,1.52,0
0.89072442,1.52,1
0.89072442,1.52,0
0.10850618,1.5266666,1
0.10850618,1.5266666,0
0.20666666,1.5232913,0
0.20548825,1.5266666,1
0.20666666,1.5232913,1
0.20548825,1.5266666,0
0.42630121,1.5266666,1
0.42630121,1.5266666,0
0.57369876,1.5266666,1
0.57369876,1.5266666,0
0.79333335,1.5232913,1
0.79333335,1.5232913,0
0.7945118,1.5266666,0
0.7945118,1.5266666,1
0.8914938,1.5266666,1
0.8914938,1.5266666,0
0.10774058,1.5333333,1
0.10774058,1.5333333,0
0.20326389,1.5333333,1
0.20326389,1.5333333,0
0.42619902,1.5333333,1
0.42619902,1.5333333,0
0.57380098,1.5333333,1
0.57380098,1.5333333,0
0.79673612,1.5333333,1
0.79673612,1.5333333,0
0.89225942,1.5333333,1
0.89225942,1.5333333,0
0.10700614,1.54,1
0.10700614,1.54,0
0.20113221,1.54,1
0.20113221,1.54,0
0.42607969,1.54,1
0.42607969,1.54,0
0.57392031,1.54,1
0.57392031,1.54,0
0.79886782,1.54,1
0.79886782,1.54,0
0.89299387,1.54,1
0.89299387,1.54,0
0.10666667,1.5434813,0
0.10666667,1.5434813,1
0.10635644,1.5466666,1
0.10635644,1.5466666,0
0.2,1.543386,0
0.19889924,1.5466666,1
0.2,1.543386,1
0.19889924,1.5466666,0
0.42594495,1.5466666,1
0.42594495,1.5466666,0
0.57405502,1.5466666,1
0.57405502,1.5466666,0
0.80000001,1.543386,1
0.80000001,1.543386,0
0.80110079,1.5466666,0
0.80110079,1.5466666,1
0.89333332,1.5434813,1
0.89333332,1.5434813,0
0.89364356,1.5466666,0
0.89364356,1.5466666,1
0.10576861,1.5533333,1
0.10576861,1.5533333,0
0.19675833,1.5533333,1
0.19675833,1.5533333,0
0.42579639,1.5533333,1
0.42579639,1.5533333,0
0.57420361,1.5533333,1
0.57420361,1.5533333,0
0.80324167,1.5533333,1
0.80324167,1.5533333,0
0.89423138,1.5533333,1
0.89423138,1.5533333,0
0.10517444,1.5599999,1
0.10517444,1.5599999,0
0.19472899,1.5599999,1
0.19472899,1.5599999,0
0.42563531,1.5599999,1
0.42563531,1.5599999,0
0.57436472,1.5599999,1
0.57436472,1.5599999,0
0.80527103,1.5599999,1
0.80527103,1.5599999,0
0.89482552,1.5599999,1
0.89482552,1.5599999,0
0.10457334,1.5666667,1
0.10457334,1.5666667,0
0.19333333,1.5644529,0
0.19261838,1.5666667,1
0.19333333,1.5644529,1
0.19261838,1.5666667,0
0.42546287,1.5666667,1
0.42546287,1.5666667,0
0.5745371,1.5666667,1
0.5745371,1.5666667,0
0.80666667,1.5644529,1
0.80666667,1.5644529,0
0.80738163,1.5666667,0
0.80738163,1.5666667,1
0.89542663,1.5666667,1
0.89542663,1.5666667,0
0.1039649,1.5733334,1
0.1039649,1.5733334,0
0.19053683,1.5733334,1
0.19053683,1.5733334,0
0.42528018,1.5733334,1
0.42528018,1.5733334,0
0.57471985,1.5733334,1
0.57471985,1.5733334,0
0.8094632,1.5733334,1
0.8094632,1.5733334,0
0.89603508,1.5733334,1
0.89603508,1.5733334,0
0.10335197,1.58,1
0.10335197,1.58,0
0.18857244,1.58,1
0.18857244,1.58,0
0.4250882,1.58,1
0.4250882,1.58,0
0.57491177,1.58,1
0.57491177,1.58,0
0.81142753,1.58,1
0.81142753,1.58,0
0.89664799,1.58,1
0.89664799,1.58,0
0.10273492,1.5866667,1
0.10273492,1.5866667,0
0.18666667,1.5865102,0
0.18661726,1.5866667,1
0.18666667,1.5865102,1
0.18661726,1.5866667,0
0.42488793,1.5866667,1
0.42488793,1.5866667,0
0.57511204,1.5866667,1
0.57511204,1.5866667,0
0.81333333,1.5865102,1
0.81333333,1.5865102,0
0.81338274,1.5866667,0
0.81338274,1.5866667,1
0.89726508,1.5866667,1
0.89726508,1.5866667,0
0.10211462,1.5933334,1
0.10211462,1.5933334,0
0.18460341,1.5933334,1
0.18460341,1.5933334,0
0.42468029,1.5933334,1
0.42468029,1.5933334,0
0.57531971,1.5933334,1
0.57531971,1.5933334,0
0.81539661,1.5933334,1
0.81539661,1.5933334,0
0.89788538,1.5933334,1
0.89788538,1.5933334,0
0.10149646,1.6,1
0.10149646,1.6,0
0.18267222,1.6,1
0.18267222,1.6,0
0.42446613,1.6,1
0.42446613,1.6,0
0.57553387,1.6,1
0.57553387,1.6,0
0.8173278,1.6,1
0.8173278,1.6,0
0.89850354,1.6,1
0.89850354,1.6,0
0.10087617,1.6066667,1
0.10087617,1.6066667,0
0.18084975,1.6066667,1
0.18084975,1.6066667,0
0.4242461,1.6066667,1
0.4242461,1.6066667,0
0.57575387,1.6066667,1
0.57575387,1.6066667,0
0.81915027,1.6066667,1
0.81915027,1.6066667,0
0.89912379,1.6066667,1
0.89912379,1.6066667,0
0.10027999,1.6133333,1
0.10027999,1.6133333,0
0.18000001,1.6096536,0
0.17895931,1.6133333,1
0.18000001,1.6096536,1
0.17895931,1.6133333,0
0.42402074,1.6133333,1
0.42402074,1.6133333,0
0.57597923,1.6133333,1
0.57597923,1.6133333,0
0.81999999,1.6096536,1
0.81999999,1.6096536,0
0.82104069,1.6133333,0
0.82104069,1.6133333,1
0.89972001,1.6133333,1
0.89972001,1.6133333,0
0.1,1.6169294,0
0.1,1.6169294,1
0.099761046,1.62,1
0.099761046,1.62,0
0.17713165,1.62,1
0.17713165,1.62,0
0.25999999,1.618351,0
0.25999999,1.618351,1
0.25532681,1.62,1
0.25532681,1.62,0
0.26353714,1.62,0
0.26353714,1.62,1
0.4237904,1.62,1
0.4237904,1.62,0
0.5762096,1.62,1
0.5762096,1.62,0
0.74000001,1.618351,0
0.74000001,1.618351,1
0.73646289,1.62,1
0.73646289,1.62,0
0.74467319,1.62,0
0.74467319,1.62,1
0.82286835,1.62,1
0.82286835,1.62,0
0.89999998,1.6169294,1
0.89999998,1.6169294,0
0.90023893,1.62,0
0.90023893,1.62,1
0.099297851,1.6266667,1
0.099297851,1.6266667,0
0.17542481,1.6266667,1
0.17542481,1.6266667,0
0.24666667,1.6254628,0
0.24666667,1.6254628,1
0.24543609,1.6266667,1
0.24543609,1.6266667,0
0.25333333,1.6207675,1
0.25333333,1.6207675,0
0.26663813,1.6266667,1
0.26663813,1.6266667,0
0.42355543,1.6266667,1
0.42355543,1.6266667,0
0.57644457,1.6266667,1
0.57644457,1.6266667,0
0.7333619,1.6266667,1
0.7333619,1.6266667,0
0.74666667,1.6207675,1
0.74666667,1.6207675,0
0.75333333,1.6254628,1
0.75333333,1.6254628,0
0.75456393,1.6266667,0
0.75456393,1.6266667,1
0.82457519,1.6266667,1
0.82457519,1.6266667,0
0.90070212,1.6266667,1
0.90070212,1.6266667,0
0.09883377,1.6333333,1
0.09883377,1.6333333,0
0.17383412,1.6333333,1
0.17383412,1.6333333,0
0.23999999,1.6328306,0
0.23999999,1.6328306,1
0.2395663,1.6333333,1
0.2395663,1.6333333,0
0.26306358,1.6333333,1
0.26306358,1.6333333,0
0.42331615,1.6333333,1
0.42331615,1.6333333,0
0.57668382,1.6333333,1
0.57668382,1.6333333,0
0.73693645,1.6333333,1
0.73693645,1.6333333,0
0.75999999,1.6328306,1
0.75999999,1.6328306,0
0.76043367,1.6333333,0
0.76043367,1.6333333,1
0.82616585,1.6333333,1
0.82616585,1.6333333,0
0.9011662,1.6333333,1
0.9011662,1.6333333,0
0.09836705,1.64,1
0.09836705,1.64,0
0.17333333,1.6353637,0
0.17221645,1.64,1
0.17333333,1.6353637,1
0.17221645,1.64,0
0.23472574,1.64,1
0.23472574,1.64,0
0.25999999,1.6382246,0
0.25882417,1.64,1
0.25999999,1.6382246,1
0.25882417,1.64,0
0.42307284,1.64,1
0.42307284,1.64,0
0.57692713,1.64,1
0.57692713,1.64,0
0.74000001,1.6382246,1
0.74000001,1.6382246,0
0.74117583,1.64,0
0.74117583,1.64,1
0.76527423,1.64,1
0.76527423,1.64,0
0.82666665,1.6353637,1
0.82666665,1.6353637,0
0.82778352,1.64,0
0.82778352,1.64,1
0.90163296,1.64,1
0.90163296,1.64,0
0.097895697,1.6466666,1
0.097895697,1.6466666,0
0.17067558,1.6466666,1
0.17067558,1.6466666,0
0.23333333,1.6419443,0
0.23333333,1.6419443,1
0.2302327,1.6466666,1
0.2302327,1.6466666,0
0.2557463,1.6466666,1
0.2557463,1.6466666,0
0.42282581,1.6466666,1
0.42282581,1.6466666,0
0.57717419,1.6466666,1
0.57717419,1.6466666,0
0.7442537,1.6466666,1
0.7442537,1.6466666,0
0.76666665,1.6419443,1
0.76666665,1.6419443,0
0.76976728,1.6466666,0
0.76976728,1.6466666,1
0.82932442,1.6466666,1
0.82932442,1.6466666,0
0.90210432,1.6466666,1
0.90210432,1.6466666,0
0.097422637,1.6533333,1
0.097422637,1.6533333,0
0.16925433,1.6533333,1
0.16925433,1.6533333,0
0.22666667,1.6532215,0
0.22666667,1.6532215,1
0.22659788,1.6533333,1
0.22659788,1.6533333,0
0.25354958,1.6533333,1
0.25354958,1.6533333,0
0.42257515,1.6533333,1
0.42257515,1.6533333,0
0.57742482,1.6533333,1
0.57742482,1.6533333,0
0.74645042,1.6533333,1
0.74645042,1.6533333,0
0.77333331,1.6532215,1
0.77333331,1.6532215,0
0.77340209,1.6533333,0
0.77340209,1.6533333,1
0.83074564,1.6533333,1
0.83074564,1.6533333,0
0.90257734,1.6533333,1
0.90257734,1.6533333,0
0.096951604,1.66,1
0.096951604,1.66,0
0.16799173,1.66,1
0.16799173,1.66,0
0.22352342,1.66,1
0.22352342,1.66,0
0.25333333,1.6542485,0
0.25204509,1.66,1
0.25333333,1.6542485,1
0.25204509,1.66,0
0.42232078,1.66,1
0.42232078,1.66,0
0.57767922,1.66,1
0.57767922,1.66,0
0.74666667,1.6542485,1
0.74666667,1.6542485,0
0.74795491,1.66,0
0.74795491,1.66,1
0.77647656,1.66,1
0.77647656,1.66,0
0.83200824,1.66,1
0.83200824,1.66,0
0.9030484,1.66,1
0.9030484,1.66,0
0.096485808,1.6666666,1
0.096485808,1.6666666,0
0.16683562,1.6666666,1
0.16683562,1.6666666,0
0.22083153,1.6666666,1
0.22083153,1.6666666,0
0.25204477,1.6666666,1
0.25204477,1.6666666,0
0.42206252,1.6666666,1
0.42206252,1.6666666,0
0.57793748,1.6666666,1
0.57793748,1.6666666,0
0.7479552,1.6666666,1
0.7479552,1.6666666,0
0.77916843,1.6666666,1
0.77916843,1.6666666,0
0.83316439,1.6666666,1
0.83316439,1.6666666,0
0.90351421,1.6666666,1
0.90351421,1.6666666,0
0.096027151,1.6733333,1
0.096027151,1.6733333,0
0.16666667,1.6676389,0
0.16570769,1.6733333,1
0.16666667,1.6676389,1
0.16570769,1.6733333,0
0.22,1.6692624,0
0.22,1.6692624,1
0.21874452,1.6733333,1
0.21874452,1.6733333,0
0.25333333,1.6697186,1
0.25333333,1.6697186,0
0.25488019,1.6733333,0
0.25488019,1.6733333,1
0.42180014,1.6733333,1
0.42180014,1.6733333,0
0.57819986,1.6733333,1
0.57819986,1.6733333,0
0.74666667,1.6697186,0
0.74666667,1.6697186,1
0.74511981,1.6733333,1
0.74511981,1.6733333,0
0.77999997,1.6692624,1
0.77999997,1.6692624,0
0.78125548,1.6733333,0
0.78125548,1.6733333,1
0.83333331,1.6676389,1
0.83333331,1.6676389,0
0.83429229,1.6733333,0
0.83429229,1.6733333,1
0.90397286,1.6733333,1
0.90397286,1.6733333,0
0.095576249,1.6799999,1
0.095576249,1.6799999,0
0.16466779,1.6799999,1
0.16466779,1.6799999,0
0.21734703,1.6799999,1
0.21734703,1.6799999,0
0.23333333,1.6764948,0
0.23059744,1.6799999,1
0.23333333,1.6764948,1
0.23059744,1.6799999,0
0.23999999,1.6765947,1
0.23999999,1.6765947,0
0.24241747,1.6799999,0
0.24241747,1.6799999,1
0.25749788,1.6799999,1
0.25749788,1.6799999,0
0.42153347,1.6799999,1
0.42153347,1.6799999,0
0.57846653,1.6799999,1
0.57846653,1.6799999,0
0.74250209,1.6799999,1
0.74250209,1.6799999,0
0.75999999,1.6765947,0
0.75758255,1.6799999,1
0.75999999,1.6765947,1
0.75758255,1.6799999,0
0.76666665,1.6764948,1
0.76666665,1.6764948,0
0.76940256,1.6799999,0
0.76940256,1.6799999,1
0.78265297,1.6799999,1
0.78265297,1.6799999,0
0.83533221,1.6799999,1
0.83533221,1.6799999,0
0.90442377,1.6799999,1
0.90442377,1.6799999,0
0.095133103,1.6866666,1
0.095133103,1.6866666,0
0.16374446,1.6866666,1
0.16374446,1.6866666,0
0.21613325,1.6866666,1
0.21613325,1.6866666,0
0.22905691,1.6866666,1
0.22905691,1.6866666,0
0.24456136,1.6866666,1
0.24456136,1.6866666,0
0.25702313,1.6866666,1
0.25702313,1.6866666,0
0.42126241,1.6866666,1
0.42126241,1.6866666,0
0.57873756,1.6866666,1
0.57873756,1.6866666,0
0.74297684,1.6866666,1
0.74297684,1.6866666,0
0.75543863,1.6866666,1
0.75543863,1.6866666,0
0.77094311,1.6866666,1
0.77094311,1.6866666,0
0.78386676,1.6866666,1
0.78386676,1.6866666,0
0.83625549,1.6866666,1
0.83625549,1.6866666,0
0.90486693,1.6866666,1
0.90486693,1.6866666,0
0.094699793,1.6933334,1
0.094699793,1.6933334,0
0.1629497,1.6933334,1
0.1629497,1.6933334,0
0.21496126,1.6933334,1
0.21496126,1.6933334,0
0.22848825,1.6933334,1
0.22848825,1.6933334,0
0.24666667,1.6905842,1
0.24666667,1.6905842,0
0.25333333,1.6924875,1
0.25333333,1.6924875,0
0.42098662,1.6933334,1
0.42098662,1.6933334,0
0.57901335,1.6933334,1
0.57901335,1.6933334,0
0.74666667,1.6924875,1
0.74666667,1.6924875,0
0.75333333,1.6905842,1
0.75333333,1.6905842,0
0.77151173,1.6933334,1
0.77151173,1.6933334,0
0.78503877,1.6933334,1
0.78503877,1.6933334,0
0.83705026,1.6933334,1
0.83705026,1.6933334,0
0.9053002,1.6933334,1
0.9053002,1.6933334,0
0.094281971,1.7,1
0.094281971,1.7,0
0.16228122,1.7,1
0.16228122,1.7,0
0.21391141,1.7,1
0.21391141,1.7,0
0.22846329,1.7,1
0.22846329,1.7,0
0.42070553,1.7,1
0.42070553,1.7,0
0.57929444,1.7,1
0.57929444,1.7,0
0.77153671,1.7,1
0.77153671,1.7,0
0.78608859,1.7,1
0.78608859,1.7,0
0.83771878,1.7,1
0.83771878,1.7,0
0.90571803,1.7,1
0.90571803,1.7,0
0.093878217,1.7066667,1
0.093878217,1.7066667,0
0.16173403,1.7066667,1
0.16173403,1.7066667,0
0.21333334,1.7049521,0
0.21333334,1.7049521,1
0.21313131,1.7066667,1
0.21313131,1.7066667,0
0.22882639,1.7066667,1
0.22882639,1.7066667,0
0.25999999,1.7034265,0
0.25999999,1.7034265,1
0.25439703,1.7066667,1
0.25439703,1.7066667,0
0.26372525,1.7066667,0
0.26372525,1.7066667,1
0.42041764,1.7066667,1
0.42041764,1.7066667,0
0.57958233,1.7066667,1
0.57958233,1.7066667,0
0.74000001,1.7034265,0
0.74000001,1.7034265,1
0.73627478,1.7066667,1
0.73627478,1.7066667,0
0.74560297,1.7066667,0
0.74560297,1.7066667,1
0.7711736,1.7066667,1
0.7711736,1.7066667,0
0.78666669,1.7049521,1
0.78666669,1.7049521,0
0.78686875,1.7066667,0
0.78686875,1.7066667,1
0.83826596,1.7066667,1
0.83826596,1.7066667,0
0.90612179,1.7066667,1
0.90612179,1.7066667,0
0.093504861,1.7133334,1
0.093504861,1.7133334,0
0.161304,1.7133334,1
0.161304,1.7133334,0
0.21255513,1.7133334,1
0.21255513,1.7133334,0
0.22935504,1.7133334,1
0.22935504,1.7133334,0
0.25556129,1.7133334,1
0.25556129,1.7133334,0
0.26666668,1.7107975,1
0.26666668,1.7107975,0
0.2680943,1.7133334,0
0.2680943,1.7133334,1
0.42012277,1.7133334,1
0.42012277,1.7133334,0
0.5798772,1.7133334,1
0.5798772,1.7133334,0
0.73333335,1.7107975,0
0.73333335,1.7107975,1
0.73190576,1.7133334,1
0.73190576,1.7133334,0
0.74443871,1.7133334,1
0.74443871,1.7133334,0
0.77064496,1.7133334,1
0.77064496,1.7133334,0
0.78744489,1.7133334,1
0.78744489,1.7133334,0
0.838696,1.7133334,1
0.838696,1.7133334,0
0.90649515,1.7133334,1
0.90649515,1.7133334,0
0.093333334,1.7170253,0
0.093333334,1.7170253,1
0.093195163,1.72,1
0.093195163,1.72,0
0.16098739,1.72,1
0.16098739,1.72,0
0.21210328,1.72,1
0.21210328,1.72,0
0.22984096,1.72,1
0.22984096,1.72,0
0.25777566,1.72,1
0.25777566,1.72,0
0.26837721,1.72,1
0.26837721,1.72,0
0.41999999,1.7159678,0
0.41999999,1.7159678,1
0.41981241,1.72,1
0.41981241,1.72,0
0.57999998,1.7159678,1
0.57999998,1.7159678,0
0.58018756,1.72,0
0.58018756,1.72,1
0.73162282,1.72,1
0.73162282,1.72,0
0.74222434,1.72,1
0.74222434,1.72,0
0.77015901,1.72,1
0.77015901,1.72,0
0.78789675,1.72,1
0.78789675,1.72,0
0.83901256,1.72,1
0.83901256,1.72,0
0.9066667,1.7170253,1
0.9066667,1.7170253,0
0.90680486,1.72,0
0.90680486,1.72,1
0.092932738,1.7266667,1
0.092932738,1.7266667,0
0.16077997,1.7266667,1
0.16077997,1.7266667,0
0.21177621,1.7266667,1
0.21177621,1.7266667,0
0.23028339,1.7266667,1
0.23028339,1.7266667,0
0.25999999,1.7242342,1
0.25999999,1.7242342,0
0.26666668,1.7237943,1
0.26666668,1.7237943,0
0.41948968,1.7266667,1
0.41948968,1.7266667,0
0.58051032,1.7266667,1
0.58051032,1.7266667,0
0.73333335,1.7237943,1
0.73333335,1.7237943,0
0.74000001,1.7242342,1
0.74000001,1.7242342,0
0.76971656,1.7266667,1
0.76971656,1.7266667,0
0.7882238,1.7266667,1
0.7882238,1.7266667,0
0.83921999,1.7266667,1
0.83921999,1.7266667,0
0.9070673,1.7266667,1
0.9070673,1.7266667,0
0.092683703,1.7333333,1
0.092683703,1.7333333,0
0.16067629,1.7333333,1
0.16067629,1.7333333,0
0.21160594,1.7333333,1
0.21160594,1.7333333,0
0.23094244,1.7333333,1
0.23094244,1.7333333,0
0.41916361,1.7333333,1
0.41916361,1.7333333,0
0.58083636,1.7333333,1
0.58083636,1.7333333,0
0.76905751,1.7333333,1
0.76905751,1.7333333,0
0.78839409,1.7333333,1
0.78839409,1.7333333,0
0.8393237,1.7333333,1
0.8393237,1.7333333,0
0.90731633,1.7333333,1
0.90731633,1.7333333,0
0.092446417,1.74,1
0.092446417,1.74,0
0.16066946,1.74,1
0.16066946,1.74,0
0.21168607,1.74,1
0.21168607,1.74,0
0.23206371,1.74,1
0.23206371,1.74,0
0.26666668,1.7379005,0
0.26666668,1.7379005,1
0.2648398,1.74,1
0.2648398,1.74,0
0.26850012,1.74,0
0.26850012,1.74,1
0.41883501,1.74,1
0.41883501,1.74,0
0.58116496,1.74,1
0.58116496,1.74,0
0.73333335,1.7379005,0
0.73333335,1.7379005,1
0.73149991,1.74,1
0.73149991,1.74,0
0.73516023,1.74,0
0.73516023,1.74,1
0.76793629,1.74,1
0.76793629,1.74,0
0.78831393,1.74,1
0.78831393,1.74,0
0.83933049,1.74,1
0.83933049,1.74,0
0.90755361,1.74,1
0.90755361,1.74,0
0.092219025,1.7466667,1
0.092219025,1.7466667,0
0.16075175,1.7466667,1
0.16075175,1.7466667,0
0.21216753,1.7466667,1
0.21216753,1.7466667,0
0.23333333,1.7460196,1
0.23333333,1.7460196,0
0.23347603,1.7466667,0
0.23347603,1.7466667,1
0.26507667,1.7466667,1
0.26507667,1.7466667,0
0.26935041,1.7466667,1
0.26935041,1.7466667,0
0.4185015,1.7466667,1
0.4185015,1.7466667,0
0.5814985,1.7466667,1
0.5814985,1.7466667,0
0.73064959,1.7466667,1
0.73064959,1.7466667,0
0.73492336,1.7466667,1
0.73492336,1.7466667,0
0.76666665,1.7460196,0
0.76666665,1.7460196,1
0.76652396,1.7466667,1
0.76652396,1.7466667,0
0.7878325,1.7466667,1
0.7878325,1.7466667,0
0.83924824,1.7466667,1
0.83924824,1.7466667,0
0.907781,1.7466667,1
0.907781,1.7466667,0
0.092002615,1.7533333,1
0.092002615,1.7533333,0
0.16091673,1.7533333,1
0.16091673,1.7533333,0
0.21312284,1.7533333,1
0.21312284,1.7533333,0
0.23481502,1.7533333,1
0.23481502,1.7533333,0
0.26666668,1.7495947,1
0.26666668,1.7495947,0
0.41816306,1.7533333,1
0.41816306,1.7533333,0
0.58183688,1.7533333,1
0.58183688,1.7533333,0
0.73333335,1.7495947,1
0.73333335,1.7495947,0
0.765185,1.7533333,1
0.765185,1.7533333,0
0.78687716,1.7533333,1
0.78687716,1.7533333,0
0.83908325,1.7533333,1
0.83908325,1.7533333,0
0.90799743,1.7533333,1
0.90799743,1.7533333,0
0.091798164,1.76,1
0.091798164,1.76,0
0.16115944,1.76,1
0.16115944,1.76,0
0.21333334,1.7543466,1
0.21333334,1.7543466,0
0.21447267,1.76,0
0.21447267,1.76,1
0.23604766,1.76,1
0.23604766,1.76,0
0.41781917,1.76,1
0.41781917,1.76,0
0.5821808,1.76,1
0.5821808,1.76,0
0.76395231,1.76,1
0.76395231,1.76,0
0.78666669,1.7543466,0
0.78552735,1.76,1
0.78666669,1.7543466,1
0.78552735,1.76,0
0.83884054,1.76,1
0.83884054,1.76,0
0.90820187,1.76,1
0.90820187,1.76,0
0.09160614,1.7666667,1
0.09160614,1.7666667,0
0.16147353,1.7666667,1
0.16147353,1.7666667,0
0.21645479,1.7666667,1
0.21645479,1.7666667,0
0.23584713,1.7666667,1
0.23584713,1.7666667,0
0.26666668,1.7612166,0
0.26666668,1.7612166,1
0.26469141,1.7666667,1
0.26469141,1.7666667,0
0.27333334,1.7665867,1
0.27333334,1.7665867,0
0.27335352,1.7666667,0
0.27335352,1.7666667,1
0.41746902,1.7666667,1
0.41746902,1.7666667,0
0.58253092,1.7666667,1
0.58253092,1.7666667,0
0.72666669,1.7665867,0
0.72666669,1.7665867,1
0.72664648,1.7666667,1
0.72664648,1.7666667,0
0.73333335,1.7612166,1
0.73333335,1.7612166,0
0.73530859,1.7666667,0
0.73530859,1.7666667,1
0.76415288,1.7666667,1
0.76415288,1.7666667,0
0.7835452,1.7666667,1
0.7835452,1.7666667,0
0.83852643,1.7666667,1
0.83852643,1.7666667,0
0.90839386,1.7666667,1
0.90839386,1.7666667,0
0.091426708,1.7733333,1
0.091426708,1.7733333,0
0.16184808,1.7733333,1
0.16184808,1.7733333,0
0.22,1.7722297,1
0.22,1.7722297,0
0.22086531,1.7733333,0
0.22086531,1.7733333,1
0.23440732,1.7733333,1
0.23440732,1.7733333,0
0.26530471,1.7733333,1
0.26530471,1.7733333,0
0.27333334,1.7668108,0
0.27042484,1.7733333,1
0.27333334,1.7668108,1
0.27042484,1.7733333,0
0.41711217,1.7733333,1
0.41711217,1.7733333,0
0.58288777,1.7733333,1
0.58288777,1.7733333,0
0.72666669,1.7668108,1
0.72666669,1.7668108,0
0.72957516,1.7733333,0
0.72957516,1.7733333,1
0.73469532,1.7733333,1
0.73469532,1.7733333,0
0.76559263,1.7733333,1
0.76559263,1.7733333,0
0.77999997,1.7722297,0
0.77913469,1.7733333,1
0.77999997,1.7722297,1
0.77913469,1.7733333,0
0.83815187,1.7733333,1
0.83815187,1.7733333,0
0.90857333,1.7733333,1
0.90857333,1.7733333,0
0.091259807,1.78,1
0.091259807,1.78,0
0.16226359,1.78,1
0.16226359,1.78,0
0.22666667,1.7781541,1
0.22666667,1.7781541,0
0.23333333,1.7750725,1
0.23333333,1.7750725,0
0.26666668,1.7756304,1
0.26666668,1.7756304,0
0.41674823,1.78,1
0.41674823,1.78,0
0.58325177,1.78,1
0.58325177,1.78,0
0.73333335,1.7756304,1
0.73333335,1.7756304,0
0.76666665,1.7750725,1
0.76666665,1.7750725,0
0.77333331,1.7781541,1
0.77333331,1.7781541,0
0.83773637,1.78,1
0.83773637,1.78,0
0.90874022,1.78,1
0.90874022,1.78,0
0.091104962,1.7866666,1
0.091104962,1.7866666,0
0.16269197,1.7866666,1
0.16269197,1.7866666,0
0.4163768,1.7866666,1
0.4163768,1.7866666,0
0.58362317,1.7866666,1
0.58362317,1.7866666,0
0.83730799,1.7866666,1
0.83730799,1.7866666,0
0.90889508,1.7866666,1
0.90889508,1.7866666,0
0.090961121,1.7933333,1
0.090961121,1.7933333,0
0.16310315,1.7933333,1
0.16310315,1.7933333,0
0.41599756,1.7933333,1
0.41599756,1.7933333,0
0.58400244,1.7933333,1
0.58400244,1.7933333,0
0.83689684,1.7933333,1
0.83689684,1.7933333,0
0.9090389,1.7933333,1
0.9090389,1.7933333,0
0.09082672,1.8,1
0.09082672,1.8,0
0.16346006,1.8,1
0.16346006,1.8,0
0.26666668,1.7935677,0
0.26666668,1.7935677,1
0.2617746,1.8,1
0.2617746,1.8,0
0.26770109,1.8,0
0.26770109,1.8,1
0.41561016,1.8,1
0.41561016,1.8,0
0.58438981,1.8,1
0.58438981,1.8,0
0.73333335,1.7935677,0
0.73333335,1.7935677,1
0.73229897,1.8,1
0.73229897,1.8,0
0.7382254,1.8,0
0.7382254,1.8,1
0.83653992,1.8,1
0.83653992,1.8,0
0.90917331,1.8,1
0.90917331,1.8,0
0.090699956,1.8066666,1
0.090699956,1.8066666,0
0.16369286,1.8066666,1
0.16369286,1.8066666,0
0.26666668,1.8025854,1
0.26666668,1.8025854,0
0.41521418,1.8066666,1
0.41521418,1.8066666,0
0.58478576,1.8066666,1
0.58478576,1.8066666,0
0.73333335,1.8025854,1
0.73333335,1.8025854,0
0.83630711,1.8066666,1
0.83630711,1.8066666,0
0.90930009,1.8066666,1
0.90930009,1.8066666,0
0.090579003,1.8133334,1
0.090579003,1.8133334,0
0.16371642,1.8133334,1
0.16371642,1.8133334,0
0.41480926,1.8133334,1
0.41480926,1.8133334,0
0.58519071,1.8133334,1
0.58519071,1.8133334,0
0.83628356,1.8133334,1
0.83628356,1.8133334,0
0.90942103,1.8133334,1
0.90942103,1.8133334,0
0.090462163,1.8200001,1
0.090462163,1.8200001,0
0.16353709,1.8200001,1
0.16353709,1.8200001,0
0.25999999,1.8190011,0
0.25999999,1.8190011,1
0.25938722,1.8200001,1
0.25938722,1.8200001,0
0.26018837,1.8200001,0
0.26018837,1.8200001,1
0.41439506,1.8200001,1
0.41439506,1.8200001,0
0.58560491,1.8200001,1
0.58560491,1.8200001,0
0.74000001,1.8190011,0
0.74000001,1.8190011,1
0.7398116,1.8200001,1
0.7398116,1.8200001,0
0.74061275,1.8200001,0
0.74061275,1.8200001,1
0.83646291,1.8200001,1
0.83646291,1.8200001,0
0.90953785,1.8200001,1
0.90953785,1.8200001,0
0.090347543,1.8266667,1
0.090347543,1.8266667,0
0.1632504,1.8266667,1
0.1632504,1.8266667,0
0.25333333,1.8253088,0
0.25333333,1.8253088,1
0.25290251,1.8266667,1
0.25290251,1.8266667,0
0.25611565,1.8266667,1
0.25611565,1.8266667,0
0.25999999,1.8214724,1
0.25999999,1.8214724,0
0.41397083,1.8266667,1
0.41397083,1.8266667,0
0.58602911,1.8266667,1
0.58602911,1.8266667,0
0.74000001,1.8214724,1
0.74000001,1.8214724,0
0.74666667,1.8253088,1
0.74388433,1.8266667,1
0.74388433,1.8266667,0
0.74666667,1.8253088,0
0.74709749,1.8266667,0
0.74709749,1.8266667,1
0.83674955,1.8266667,1
0.83674955,1.8266667,0
0.90965247,1.8266667,1
0.90965247,1.8266667,0
0.090232633,1.8333334,1
0.090232633,1.8333334,0
0.16270636,1.8333334,1
0.16270636,1.8333334,0
0.25170553,1.8333334,1
0.25170553,1.8333334,0
0.25466815,1.8333334,1
0.25466815,1.8333334,0
0.41353741,1.8333334,1
0.41353741,1.8333334,0
0.58646256,1.8333334,1
0.58646256,1.8333334,0
0.74533182,1.8333334,1
0.74533182,1.8333334,0
0.74829447,1.8333334,1
0.74829447,1.8333334,0
0.83729362,1.8333334,1
0.83729362,1.8333334,0
0.90976739,1.8333334,1
0.90976739,1.8333334,0
0.09011399,1.84,1
0.09011399,1.84,0
0.1611931,1.84,1
0.1611931,1.84,0
0.24666667,1.8393329,0
0.24666667,1.8393329,1
0.24634619,1.84,1
0.24634619,1.84,0
0.25347757,1.84,1
0.25347757,1.84,0
0.41333333,1.8363459,0
0.41333333,1.8363459,1
0.41308609,1.84,1
0.41308609,1.84,0
0.58666664,1.8363459,1
0.58666664,1.8363459,0
0.58691388,1.84,0
0.58691388,1.84,1
0.74652243,1.84,1
0.74652243,1.84,0
0.75333333,1.8393329,1
0.75333333,1.8393329,0
0.75365382,1.84,0
0.75365382,1.84,1
0.83880687,1.84,1
0.83880687,1.84,0
0.90988606,1.84,1
0.90988606,1.84,0
0.089987062,1.8466667,1
0.089987062,1.8466667,0
0.16,1.8428755,0
0.15843324,1.8466667,1
0.16,1.8428755,1
0.15843324,1.8466667,0
0.24417108,1.8466667,1
0.24417108,1.8466667,0
0.25333333,1.8403578,0
0.24949187,1.8466667,1
0.25333333,1.8403578,1
0.24949187,1.8466667,0
0.41262281,1.8466667,1
0.41262281,1.8466667,0
0.58737719,1.8466667,1
0.58737719,1.8466667,0
0.74666667,1.8403578,1
0.74666667,1.8403578,0
0.75050813,1.8466667,0
0.75050813,1.8466667,1
0.75582892,1.8466667,1
0.75582892,1.8466667,0
0.83999997,1.8428755,1
0.83999997,1.8428755,0
0.84156674,1.8466667,0
0.84156674,1.8466667,1
0.91001296,1.8466667,1
0.91001296,1.8466667,0
0.08984641,1.8533334,1
0.08984641,1.8533334,0
0.15582277,1.8533334,1
0.15582277,1.8533334,0
0.23999999,1.8516626,0
0.23999999,1.8516626,1
0.23899226,1.8533334,1
0.23899226,1.8533334,0
0.24769811,1.8533334,1
0.24769811,1.8533334,0
0.41215152,1.8533334,1
0.41215152,1.8533334,0
0.58784842,1.8533334,1
0.58784842,1.8533334,0
0.75230187,1.8533334,1
0.75230187,1.8533334,0
0.75999999,1.8516626,1
0.75999999,1.8516626,0
0.76100773,1.8533334,0
0.76100773,1.8533334,1
0.84417725,1.8533334,1
0.84417725,1.8533334,0
0.91015363,1.8533334,1
0.91015363,1.8533334,0
0.089686133,1.86,1
0.089686133,1.86,0
0.15333334,1.85918,0
0.15294813,1.86,1
0.15333334,1.85918,1
0.15294813,1.86,0
0.23615843,1.86,1
0.23615843,1.86,0
0.24666667,1.855602,0
0.24393651,1.86,1
0.24666667,1.855602,1
0.24393651,1.86,0
0.41167361,1.86,1
0.41167361,1.86,0
0.58832633,1.86,1
0.58832633,1.86,0
0.75333333,1.855602,1
0.75333333,1.855602,0
0.75606346,1.86,0
0.75606346,1.86,1
0.76384157,1.86,1
0.76384157,1.86,0
0.84666669,1.85918,1
0.84666669,1.85918,0
0.84705192,1.86,0
0.84705192,1.86,1
0.9103139,1.86,1
0.9103139,1.86,0
0.089500196,1.8666667,1
0.089500196,1.8666667,0
0.14954887,1.8666667,1
0.14954887,1.8666667,0
0.23333333,1.8632891,0
0.23333333,1.8632891,1
0.23126571,1.8666667,1
0.23126571,1.8666667,0
0.24141106,1.8666667,1
0.24141106,1.8666667,0
0.41118759,1.8666667,1
0.41118759,1.8666667,0
0.58881241,1.8666667,1
0.58881241,1.8666667,0
0.75858891,1.8666667,1
0.75858891,1.8666667,0
0.76666665,1.8632891,1
0.76666665,1.8632891,0
0.76873428,1.8666667,0
0.76873428,1.8666667,1
0.85045117,1.8666667,1
0.85045117,1.8666667,0
0.91049981,1.8666667,1
0.91049981,1.8666667,0
0.089282632,1.8733333,1
0.089282632,1.8733333,0
0.14666666,1.870977,0
0.1449701,1.8733333,1
0.14666666,1.870977,1
0.1449701,1.8733333,0
0.22754206,1.8733333,1
0.22754206,1.8733333,0
0.23999999,1.8696021,0
0.23781629,1.8733333,1
0.23999999,1.8696021,1
0.23781629,1.8733333,0
0.41069362,1.8733333,1
0.41069362,1.8733333,0
0.58930635,1.8733333,1
0.58930635,1.8733333,0
0.75999999,1.8696021,1
0.75999999,1.8696021,0
0.76218373,1.8733333,0
0.76218373,1.8733333,1
0.77245796,1.8733333,1
0.77245796,1.8733333,0
0.85333335,1.870977,1
0.85333335,1.870977,0
0.85502994,1.8733333,0
0.85502994,1.8733333,1
0.91071737,1.8733333,1
0.91071737,1.8733333,0
0.089026898,1.88,1
0.089026898,1.88,0
0.14,1.879912,0
0.13992447,1.88,1
0.14,1.879912,1
0.13992447,1.88,0
0.22666667,1.8742579,0
0.22666667,1.8742579,1
0.22321728,1.88,1
0.22321728,1.88,0
0.23469983,1.88,1
0.23469983,1.88,0
0.41019157,1.88,1
0.41019157,1.88,0
0.5898084,1.88,1
0.5898084,1.88,0
0.76530015,1.88,1
0.76530015,1.88,0
0.77333331,1.8742579,1
0.77333331,1.8742579,0
0.77678269,1.88,0
0.77678269,1.88,1
0.86000001,1.879912,1
0.86000001,1.879912,0
0.86007553,1.88,0
0.86007553,1.88,1
0.91097313,1.88,1
0.91097313,1.88,0
0.088726386,1.8866667,1
0.088726386,1.8866667,0
0.13489838,1.8866667,1
0.13489838,1.8866667,0
0.22,1.884637,0
0.22,1.884637,1
0.21852674,1.8866667,1
0.21852674,1.8866667,0
0.23333333,1.8824733,0
0.2308854,1.8866667,1
0.23333333,1.8824733,1
0.2308854,1.8866667,0
0.4096809,1.8866667,1
0.4096809,1.8866667,0
0.59031904,1.8866667,1
0.59031904,1.8866667,0
0.76666665,1.8824733,1
0.76666665,1.8824733,0
0.76911461,1.8866667,0
0.76911461,1.8866667,1
0.77999997,1.884637,1
0.77999997,1.884637,0
0.78147322,1.8866667,0
0.78147322,1.8866667,1
0.86510164,1.8866667,1
0.86510164,1.8866667,0
0.91127366,1.8866667,1
0.91127366,1.8866667,0
0.088380016,1.8933333,1
0.088380016,1.8933333,0
0.13333334,1.8887224,0
0.13009676,1.8933333,1
0.13333334,1.8887224,1
0.13009676,1.8933333,0
0.21435003,1.8933333,1
0.21435003,1.8933333,0
0.22752416,1.8933333,1
0.22752416,1.8933333,0
0.40916115,1.8933333,1
0.40916115,1.8933333,0
0.59083879,1.8933333,1
0.59083879,1.8933333,0
0.77247584,1.8933333,1
0.77247584,1.8933333,0
0.78565001,1.8933333,1
0.78565001,1.8933333,0
0.86666667,1.8887224,1
0.86666667,1.8887224,0
0.86990327,1.8933333,0
0.86990327,1.8933333,1
0.91162002,1.8933333,1
0.91162002,1.8933333,0
0.087992713,1.9,1
0.087992713,1.9,0
0.12666667,1.8991783,0
0.12613834,1.9,1
0.12666667,1.8991783,1
0.12613834,1.9,0
0.21333334,1.8946147,0
0.21333334,1.8946147,1
0.20968136,1.9,1
0.20968136,1.9,0
0.22666667,1.894834,0
0.22388795,1.9,1
0.22666667,1.894834,1
0.22388795,1.9,0
0.40863189,1.9,1
0.40863189,1.9,0
0.59136808,1.9,1
0.59136808,1.9,0
0.77333331,1.894834,1
0.77333331,1.894834,0
0.77611202,1.9,0
0.77611202,1.9,1
0.78666669,1.8946147,1
0.78666669,1.8946147,0
0.79031867,1.9,0
0.79031867,1.9,1
0.87333333,1.8991783,1
0.87333333,1.8991783,0
0.87386167,1.9,0
0.87386167,1.9,1
0.91200733,1.9,1
0.91200733,1.9,0
0.087561809,1.9066666,1
0.087561809,1.9066666,0
0.1228427,1.9066666,1
0.1228427,1.9066666,0
0.20666666,1.9040004,0
0.20666666,1.9040004,1
0.20457752,1.9066666,1
0.20457752,1.9066666,0
0.22041869,1.9066666,1
0.22041869,1.9066666,0
0.40809292,1.9066666,1
0.40809292,1.9066666,0
0.59190708,1.9066666,1
0.59190708,1.9066666,0
0.77958125,1.9066666,1
0.77958125,1.9066666,0
0.79333335,1.9040004,1
0.79333335,1.9040004,0
0.79542249,1.9066666,0
0.79542249,1.9066666,1
0.87715727,1.9066666,1
0.87715727,1.9066666,0
0.91243821,1.9066666,1
0.91243821,1.9066666,0
0.087100737,1.9133333,1
0.087100737,1.9133333,0
0.12,1.9132671,0
0.11996844,1.9133333,1
0.12,1.9132671,1
0.11996844,1.9133333,0
0.2,1.9127864,0
0.2,1.9127864,1
0.19954202,1.9133333,1
0.19954202,1.9133333,0
0.22,1.9074007,0
0.21693285,1.9133333,1
0.22,1.9074007,1
0.21693285,1.9133333,0
0.40754357,1.9133333,1
0.40754357,1.9133333,0
0.5924564,1.9133333,1
0.5924564,1.9133333,0
0.77999997,1.9074007,1
0.77999997,1.9074007,0
0.78306717,1.9133333,0
0.78306717,1.9133333,1
0.80000001,1.9127864,1
0.80000001,1.9127864,0
0.80045801,1.9133333,0
0.80045801,1.9133333,1
0.88,1.9132671,1
0.88,1.9132671,0
0.88003159,1.9133333,0
0.88003159,1.9133333,1
0.91289932,1.9133333,1
0.91289932,1.9133333,0
0.086707734,1.92,1
0.086707734,1.92,0
0.11749315,1.92,1
0.11749315,1.92,0
0.19460651,1.92,1
0.19460651,1.92,0
0.21348327,1.92,1
0.21348327,1.92,0
0.4069849,1.92,1
0.4069849,1.92,0
0.59301507,1.92,1
0.59301507,1.92,0
0.78651673,1.92,1
0.78651673,1.92,0
0.80539346,1.92,1
0.80539346,1.92,0
0.88250685,1.92,1
0.88250685,1.92,0
0.91329229,1.92,1
0.91329229,1.92,0
0.086666666,1.920876,0
0.086666666,1.920876,1
0.086397648,1.9266666,1
0.086397648,1.9266666,0
0.11536631,1.9266666,1
0.11536631,1.9266666,0
0.19333333,1.9215189,0
0.19333333,1.9215189,1
0.18930212,1.9266666,1
0.18930212,1.9266666,0
0.21333334,1.9202631,0
0.21009916,1.9266666,1
0.21333334,1.9202631,1
0.21009916,1.9266666,0
0.40666667,1.9236711,0
0.40666667,1.9236711,1
0.40640634,1.9266666,1
0.40640634,1.9266666,0
0.5933333,1.9236711,1
0.5933333,1.9236711,0
0.59359366,1.9266666,0
0.59359366,1.9266666,1
0.78666669,1.9202631,1
0.78666669,1.9202631,0
0.78990084,1.9266666,0
0.78990084,1.9266666,1
0.80666667,1.9215189,1
0.80666667,1.9215189,0
0.81069785,1.9266666,0
0.81069785,1.9266666,1
0.88463366,1.9266666,1
0.88463366,1.9266666,0
0.91333336,1.920876,1
0.91333336,1.920876,0
0.91360235,1.9266666,0
0.91360235,1.9266666,1
0.086120106,1.9333333,1
0.086120106,1.9333333,0
0.11362285,1.9333333,1
0.11362285,1.9333333,0
0.18666667,1.9298583,0
0.18666667,1.9298583,1
0.18380357,1.9333333,1
0.18380357,1.9333333,0
0.20684546,1.9333333,1
0.20684546,1.9333333,0
0.40581647,1.9333333,1
0.40581647,1.9333333,0
0.5941835,1.9333333,1
0.5941835,1.9333333,0
0.79315454,1.9333333,1
0.79315454,1.9333333,0
0.81333333,1.9298583,1
0.81333333,1.9298583,0
0.81619644,1.9333333,0
0.81619644,1.9333333,1
0.88637716,1.9333333,1
0.88637716,1.9333333,0
0.91387993,1.9333333,1
0.91387993,1.9333333,0
0.085912302,1.9400001,1
0.085912302,1.9400001,0
0.11333334,1.9347068,0
0.11226036,1.9400001,1
0.11333334,1.9347068,1
0.11226036,1.9400001,0
0.18000001,1.9379585,0
0.18000001,1.9379585,1
0.17823495,1.9400001,1
0.17823495,1.9400001,0
0.20666666,1.9336677,0
0.20363639,1.9400001,1
0.20666666,1.9336677,1
0.20363639,1.9400001,0
0.40521565,1.9400001,1
0.40521565,1.9400001,0
0.59478432,1.9400001,1
0.59478432,1.9400001,0
0.79333335,1.9336677,1
0.79333335,1.9336677,0
0.79636365,1.9400001,0
0.79636365,1.9400001,1
0.81999999,1.9379585,1
0.81999999,1.9379585,0
0.82176507,1.9400001,0
0.82176507,1.9400001,1
0.88666666,1.9347068,1
0.88666666,1.9347068,0
0.88773966,1.9400001,0
0.88773966,1.9400001,1
0.91408771,1.9400001,1
0.91408771,1.9400001,0
0.0858033,1.9466667,1
0.0858033,1.9466667,0
0.1114057,1.9466667,1
0.1114057,1.9466667,0
0.17333333,1.9459952,0
0.17333333,1.9459952,1
0.1727365,1.9466667,1
0.1727365,1.9466667,0
0.20063134,1.9466667,1
0.20063134,1.9466667,0
0.40460637,1.9466667,1
0.40460637,1.9466667,0
0.5953936,1.9466667,1
0.5953936,1.9466667,0
0.79936868,1.9466667,1
0.79936868,1.9466667,0
0.82666665,1.9459952,1
0.82666665,1.9459952,0
0.82726347,1.9466667,0
0.82726347,1.9466667,1
0.88859427,1.9466667,1
0.88859427,1.9466667,0
0.91419673,1.9466667,1
0.91419673,1.9466667,0
0.085772097,1.9533334,1
0.085772097,1.9533334,0
0.11113974,1.9533334,1
0.11113974,1.9533334,0
0.16712971,1.9533334,1
0.16712971,1.9533334,0
0.2,1.9480063,0
0.19764525,1.9533334,1
0.2,1.9480063,1
0.19764525,1.9533334,0
0.40398717,1.9533334,1
0.40398717,1.9533334,0
0.59601283,1.9533334,1
0.59601283,1.9533334,0
0.80000001,1.9480063,1
0.80000001,1.9480063,0
0.80235475,1.9533334,0
0.80235475,1.9533334,1
0.83287024,1.9533334,1
0.83287024,1.9533334,0
0.88886023,1.9533334,1
0.88886023,1.9533334,0
0.9142279,1.9533334,1
0.9142279,1.9533334,0
0.085912608,1.96,1
0.085912608,1.96,0
0.11171366,1.96,1
0.11171366,1.96,0
0.16666667,1.9538301,0
0.16666667,1.9538301,1
0.16085613,1.96,1
0.16085613,1.96,0
0.19470441,1.96,1
0.19470441,1.96,0
0.40335783,1.96,1
0.40335783,1.96,0
0.59664214,1.96,1
0.59664214,1.96,0
0.80529559,1.96,1
0.80529559,1.96,0
0.83333331,1.9538301,1
0.83333331,1.9538301,0
0.83914381,1.96,0
0.83914381,1.96,1
0.88828635,1.96,1
0.88828635,1.96,0
0.91408741,1.96,1
0.91408741,1.96,0
0.086666666,1.966233,1
0.086666666,1.966233,0
0.086721808,1.9666667,0
0.086721808,1.9666667,1
0.11333334,1.9649035,1
0.11333334,1.9649035,0
0.11396691,1.9666667,0
0.11396691,1.9666667,1
0.15333334,1.9666482,0
0.15333334,1.9666482,1
0.15331151,1.9666667,1
0.15331151,1.9666667,0
0.16,1.960848,1
0.16,1.960848,0
0.19333333,1.962925,0
0.19159864,1.9666667,1
0.19333333,1.962925,1
0.19159864,1.9666667,0
0.40271804,1.9666667,1
0.40271804,1.9666667,0
0.59728199,1.9666667,1
0.59728199,1.9666667,0
0.80666667,1.962925,1
0.80666667,1.962925,0
0.80840135,1.9666667,0
0.80840135,1.9666667,1
0.83999997,1.960848,1
0.83999997,1.960848,0
0.84666669,1.9666482,1
0.84666669,1.9666482,0
0.84668851,1.9666667,0
0.84668851,1.9666667,1
0.88666666,1.9649035,0
0.88666666,1.9649035,1
0.88603306,1.9666667,1
0.88603306,1.9666667,0
0.91333336,1.966233,0
0.91327822,1.9666667,1
0.91333336,1.966233,1
0.91327822,1.9666667,0
0.088181421,1.9733334,1
0.088181421,1.9733334,0
0.11952072,1.9733334,1
0.11952072,1.9733334,0
0.14666666,1.9713455,0
0.14666666,1.9713455,1
0.14292037,1.9733334,1
0.14292037,1.9733334,0
0.18862943,1.9733334,1
0.18862943,1.9733334,0
0.4020671,1.9733334,1
0.4020671,1.9733334,0
0.59793293,1.9733334,1
0.59793293,1.9733334,0
0.81137055,1.9733334,1
0.81137055,1.9733334,0
0.85333335,1.9713455,1
0.85333335,1.9713455,0
0.85707963,1.9733334,0
0.85707963,1.9733334,1
0.88047928,1.9733334,1
0.88047928,1.9733334,0
0.91181862,1.9733334,1
0.91181862,1.9733334,0
0.089786425,1.98,1
0.089786425,1.98,0
0.12,1.973737,1
0.12,1.973737,0
0.12666667,1.9765892,1
0.12666667,1.9765892,0
0.13333334,1.9766612,1
0.13333334,1.9766612,0
0.14,1.9748646,1
0.14,1.9748646,0
0.18666667,1.97755,0
0.18548514,1.98,1
0.18666667,1.97755,1
0.18548514,1.98,0
0.40140456,1.98,1
0.40140456,1.98,0
0.59859544,1.98,1
0.59859544,1.98,0
0.81333333,1.97755,1
0.81333333,1.97755,0
0.81451488,1.98,0
0.81451488,1.98,1
0.86000001,1.9748646,1
0.86000001,1.9748646,0
0.86666667,1.9766612,1
0.86666667,1.9766612,0
0.87333333,1.9765892,1
0.87333333,1.9765892,0
0.88,1.973737,1
0.88,1.973737,0
0.91021359,1.98,1
0.91021359,1.98,0
0.091519073,1.9866667,1
0.091519073,1.9866667,0
0.18215099,1.9866667,1
0.18215099,1.9866667,0
0.40072948,1.9866667,1
0.40072948,1.9866667,0
0.59927058,1.9866667,1
0.59927058,1.9866667,0
0.81784898,1.9866667,1
0.81784898,1.9866667,0
0.90848094,1.9866667,1
0.90848094,1.9866667,0
0.093333334,1.9918536,1
0.093333334,1.9918536,0
0.093887895,1.9933333,0
0.093887895,1.9933333,1
0.18000001,1.9899267,0
0.17771155,1.9933333,1
0.18000001,1.9899267,1
0.17771155,1.9933333,0
0.40004113,1.9933333,1
0.40004113,1.9933333,0
0.5999589,1.9933333,1
0.5999589,1.9933333,0
0.81999999,1.9899267,1
0.81999999,1.9899267,0
0.82228845,1.9933333,0
0.82228845,1.9933333,1
0.9066667,1.9918536,0
0.90611213,1.9933333,1
0.9066667,1.9918536,1
0.90611213,1.9933333,0
0.096935242,2,1
0.096935242,2,0
0.17333333,1.9991673,0
0.17262781,2,1
0.17333333,1.9991673,1
0.17262781,2,0
0.40000001,1.993711,0
0.40000001,1.993711,1
0.39933065,2,1
0.39933065,2,0
0.60000002,1.993711,1
0.60000002,1.993711,0
0.60066938,2,0
0.60066938,2,1
0.82666665,1.9991673,1
0.82666665,1.9991673,0
0.82737219,2,0
0.82737219,2,1
0.90306479,2,1
0.90306479,2,0
0.1,2.0049968,1
0.1,2.0049968,0
0.10113977,2.0066667,0
0.10113977,2.0066667,1
0.16740082,2.0066667,1
0.16740082,2.0066667,0
0.3986055,2.0066667,1
0.3986055,2.0066667,0
0.60139453,2.0066667,1
0.60139453,2.0066667,0
0.83259916,2.0066667,1
0.83259916,2.0066667,0
0.89999998,2.0049968,0
0.89886022,2.0066667,1
0.89999998,2.0049968,1
0.89886022,2.0066667,0
0.10652959,2.0133333,1
0.10652959,2.0133333,0
0.16666667,2.0074923,0
0.16106525,2.0133333,1
0.16666667,2.0074923,1
0.16106525,2.0133333,0
0.39787155,2.0133333,1
0.39787155,2.0133333,0
0.60212845,2.0133333,1
0.60212845,2.0133333,0
0.83333331,2.0074923,1
0.83333331,2.0074923,0
0.83893472,2.0133333,0
0.83893472,2.0133333,1
0.89347041,2.0133333,1
0.89347041,2.0133333,0
0.10666667,2.013474,1
0.10666667,2.013474,0
0.11333334,2.0188575,1
0.11333334,2.0188575,0
0.11574402,2.02,0
0.11574402,2.02,1
0.15333334,2.0185933,0
0.14951554,2.02,1
0.15333334,2.0185933,1
0.14951554,2.02,0
0.16,2.0143211,1
0.16,2.0143211,0
0.39712614,2.02,1
0.39712614,2.02,0
0.60287392,2.02,1
0.60287392,2.02,0
0.83999997,2.0143211,1
0.83999997,2.0143211,0
0.84666669,2.0185933,1
0.84666669,2.0185933,0
0.85048449,2.02,0
0.85048449,2.02,1
0.88666666,2.0188575,0
0.88425595,2.02,1
0.88666666,2.0188575,1
0.88425595,2.02,0
0.89333332,2.013474,1
0.89333332,2.013474,0
0.12,2.0218635,1
0.12,2.0218635,0
0.12666667,2.0227816,1
0.12666667,2.0227816,0
0.13333334,2.0226598,1
0.13333334,2.0226598,0
0.14,2.0221179,1
0.14,2.0221179,0
0.14666666,2.0210295,1
0.14666666,2.0210295,0
0.39636901,2.0266666,1
0.39636901,2.0266666,0
0.60363102,2.0266666,1
0.60363102,2.0266666,0
0.85333335,2.0210295,1
0.85333335,2.0210295,0
0.86000001,2.0221179,1
0.86000001,2.0221179,0
0.86666667,2.0226598,1
0.86666667,2.0226598,0
0.87333333,2.0227816,1
0.87333333,2.0227816,0
0.88,2.0218635,1
0.88,2.0218635,0
0.39560026,2.0333333,1
0.39560026,2.0333333,0
0.6043998,2.0333333,1
0.6043998,2.0333333,0
0.39481914,2.04,1
0.39481914,2.04,0
0.60518086,2.04,1
0.60518086,2.04,0
0.39402491,2.0466666,1
0.39402491,2.0466666,0
0.60597509,2.0466666,1
0.60597509,2.0466666,0
0.39333335,2.0523252,0
0.39333335,2.0523252,1
0.39320743,2.0533333,1
0.39320743,2.0533333,0
0.60666668,2.0523252,1
0.60666668,2.0523252,0
0.60679263,2.0533333,0
0.60679263,2.0533333,1
0.39237204,2.0599999,1
0.39237204,2.0599999,0
0.60762799,2.0599999,1
0.60762799,2.0599999,0
0.39151976,2.0666666,1
0.39151976,2.0666666,0
0.60848027,2.0666666,1
0.60848027,2.0666666,0
0.39065915,2.0733333,1
0.39065915,2.0733333,0
0.60934085,2.0733333,1
0.60934085,2.0733333,0
0.38978711,2.0799999,1
0.38978711,2.0799999,0
0.61021292,2.0799999,1
0.61021292,2.0799999,0
0.38890269,2.0866666,1
0.38890269,2.0866666,0
0.61109734,2.0866666,1
0.61109734,2.0866666,0
0.38800427,2.0933332,1
0.38800427,2.0933332,0
0.61199576,2.0933332,1
0.61199576,2.0933332,0
0.38709649,2.0999999,1
0.38709649,2.0999999,0
0.61290354,2.0999999,1
0.61290354,2.0999999,0
0.38666666,2.1030133,0
0.38666666,2.1030133,1
0.38614687,2.1066666,1
0.38614687,2.1066666,0
0.61333334,2.1030133,1
0.61333334,2.1030133,0
0.6138531,2.1066666,0
0.6138531,2.1066666,1
0.38518232,2.1133332,1
0.38518232,2.1133332,0
0.61481768,2.1133332,1
0.61481768,2.1133332,0
0.38420662,2.1199999,1
0.38420662,2.1199999,0
0.61579335,2.1199999,1
0.61579335,2.1199999,0
0.38322195,2.1266668,1
0.38322195,2.1266668,0
0.61677808,2.1266668,1
0.61677808,2.1266668,0
0.38222495,2.1333334,1
0.38222495,2.1333334,0
0.61777508,2.1333334,1
0.61777508,2.1333334,0
0.38121089,2.1400001,1
0.38121089,2.1400001,0
0.61878914,2.1400001,1
0.61878914,2.1400001,0
0.38018149,2.1466668,1
0.38018149,2.1466668,0
0.61981851,2.1466668,1
0.61981851,2.1466668,0
0.38,2.1477644,0
0.38,2.1477644,1
0.37910312,2.1533334,1
0.37910312,2.1533334,0
0.62,2.1477644,1
0.62,2.1477644,0
0.62089688,2.1533334,0
0.62089688,2.1533334,1
0.37800485,2.1600001,1
0.37800485,2.1600001,0
0.62199515,2.1600001,1
0.62199515,2.1600001,0
0.37690207,2.1666667,1
0.37690207,2.1666667,0
0.6230979,2.1666667,1
0.6230979,2.1666667,0
0.37578735,2.1733334,1
0.37578735,2.1733334,0
0.62421262,2.1733334,1
0.62421262,2.1733334,0
0.37465262,2.1800001,1
0.37465262,2.1800001,0
0.62534738,2.1800001,1
0.62534738,2.1800001,0
0.37349692,2.1866667,1
0.37349692,2.1866667,0
0.62650305,2.1866667,1
0.62650305,2.1866667,0
0.37333333,2.1875391,0
0.37333333,2.1875391,1
0.37228173,2.1933334,1
0.37228173,2.1933334,0
0.62666667,2.1875391,1
0.62666667,2.1875391,0
0.62771827,2.1933334,0
0.62771827,2.1933334,1
0.3710427,2.2,1
0.3710427,2.2,0
0.62895733,2.2,1
0.62895733,2.2,0
0.36979869,2.2066667,1
0.36979869,2.2066667,0
0.63020128,2.2066667,1
0.63020128,2.2066667,0
0.36853573,2.2133334,1
0.36853573,2.2133334,0
0.63146424,2.2133334,1
0.63146424,2.2133334,0
0.36725879,2.22,1
0.36725879,2.22,0
0.63274121,2.22,1
0.63274121,2.22,0
0.36666667,2.2228909,0
0.36666667,2.2228909,1
0.36589715,2.2266667,1
0.36589715,2.2266667,0
0.63333333,2.2228909,1
0.63333333,2.2228909,0
0.63410288,2.2266667,0
0.63410288,2.2266667,1
0.36451039,2.2333333,1
0.36451039,2.2333333,0
0.63548964,2.2333333,1
0.63548964,2.2333333,0
0.36311078,2.24,1
0.36311078,2.24,0
0.63688922,2.24,1
0.63688922,2.24,0
0.36168906,2.2466667,1
0.36168906,2.2466667,0
0.63831091,2.2466667,1
0.63831091,2.2466667,0
0.3602393,2.2533333,1
0.3602393,2.2533333,0
0.63976073,2.2533333,1
0.63976073,2.2533333,0
0.36000001,2.2543342,0
0.36000001,2.2543342,1
0.3586973,2.26,1
0.3586973,2.26,0
0.63999999,2.2543342,1
0.63999999,2.2543342,0
0.6413027,2.26,0
0.6413027,2.26,1
0.35712245,2.2666667,1
0.35712245,2.2666667,0
0.64287758,2.2666667,1
0.64287758,2.2666667,0
0.35553554,2.2733333,1
0.35553554,2.2733333,0
0.64446443,2.2733333,1
0.64446443,2.2733333,0
0.35393298,2.28,1
0.35393298,2.28,0
0.64606702,2.28,1
0.64606702,2.28,0
0.35333332,2.2822883,0
0.35333332,2.2822883,1
0.35220629,2.2866666,1
0.35220629,2.2866666,0
0.64666665,2.2822883,1
0.64666665,2.2822883,0
0.64779365,2.2866666,0
0.64779365,2.2866666,1
0.35044897,2.2933333,1
0.35044897,2.2933333,0
0.64955097,2.2933333,1
0.64955097,2.2933333,0
0.34867054,2.3,1
0.34867054,2.3,0
0.65132946,2.3,1
0.65132946,2.3,0
0.34685478,2.3066666,1
0.34685478,2.3066666,0
0.65314519,2.3066666,1
0.65314519,2.3066666,0
0.34666666,2.3072815,0
0.34666666,2.3072815,1
0.3449195,2.3133333,1
0.3449195,2.3133333,0
0.65333331,2.3072815,1
0.65333331,2.3072815,0
0.6550805,2.3133333,0
0.6550805,2.3133333,1
0.3429378,2.3199999,1
0.3429378,2.3199999,0
0.65706223,2.3199999,1
0.65706223,2.3199999,0
0.34096557,2.3266666,1
0.34096557,2.3266666,0
0.65903443,2.3266666,1
0.65903443,2.3266666,0
0.34,2.3296683,0
0.34,2.3296683,1
0.33882639,2.3333333,1
0.33882639,2.3333333,0
0.66000003,2.3296683,1
0.66000003,2.3296683,0
0.66117364,2.3333333,0
0.66117364,2.3333333,1
0.33665329,2.3399999,1
0.33665329,2.3399999,0
0.66334677,2.3399999,1
0.66334677,2.3399999,0
0.3344743,2.3466666,1
0.3344743,2.3466666,0
0.66552573,2.3466666,1
0.66552573,2.3466666,0
0.33333334,2.3498912,0
0.33333334,2.3498912,1
0.33211428,2.3533332,1
0.33211428,2.3533332,0
0.66666669,2.3498912,1
0.66666669,2.3498912,0
0.66788572,2.3533332,0
0.66788572,2.3533332,1
0.32972246,2.3599999,1
0.32972246,2.3599999,0
0.67027754,2.3599999,1
0.67027754,2.3599999,0
0.32731113,2.3666666,1
0.32731113,2.3666666,0
0.6726889,2.3666666,1
0.6726889,2.3666666,0
0.32666665,2.3682518,0
0.32666665,2.3682518,1
0.32469776,2.3733332,1
0.32469776,2.3733332,0
0.67333335,2.3682518,1
0.67333335,2.3682518,0
0.67530221,2.3733332,0
0.67530221,2.3733332,1
0.32206669,2.3800001,1
0.32206669,2.3800001,0
0.67793328,2.3800001,1
0.67793328,2.3800001,0
0.31999999,2.3850114,0
0.31999999,2.3850114,1
0.31927714,2.3866668,1
0.31927714,2.3866668,0
0.68000001,2.3850114,1
0.68000001,2.3850114,0
0.68072283,2.3866668,0
0.68072283,2.3866668,1
0.31645495,2.3933334,1
0.31645495,2.3933334,0
0.68354505,2.3933334,1
0.68354505,2.3933334,0
0.31353879,2.4000001,1
0.31353879,2.4000001,0
0.68646121,2.4000001,1
0.68646121,2.4000001,0
0.31333333,2.4004023,0
0.31333333,2.4004023,1
0.31044626,2.4066668,1
0.31044626,2.4066668,0
0.68666667,2.4004023,1
0.68666667,2.4004023,0
0.68955374,2.4066668,0
0.68955374,2.4066668,1
0.30732748,2.4133334,1
0.30732748,2.4133334,0
0.69267249,2.4133334,1
0.69267249,2.4133334,0
0.30666667,2.4145637,0
0.30666667,2.4145637,1
0.30396238,2.4200001,1
0.30396238,2.4200001,0
0.69333333,2.4145637,1
0.69333333,2.4145637,0
0.69603759,2.4200001,0
0.69603759,2.4200001,1
0.3006002,2.4266667,1
0.3006002,2.4266667,0
0.69939983,2.4266667,1
0.69939983,2.4266667,0
0.30000001,2.4276903,0
0.30000001,2.4276903,1
0.29698336,2.4333334,1
0.29698336,2.4333334,0
0.69999999,2.4276903,1
0.69999999,2.4276903,0
0.70301664,2.4333334,0
0.70301664,2.4333334,1
0.29333332,2.4398937,0
0.29333332,2.4398937,1
0.29326499,2.4400001,1
0.29326499,2.4400001,0
0.70666665,2.4398937,1
0.70666665,2.4398937,0
0.70673501,2.4400001,0
0.70673501,2.4400001,1
0.28947175,2.4466667,1
0.28947175,2.4466667,0
0.71052825,2.4466667,1
0.71052825,2.4466667,0
0.28666666,2.4512589,0
0.28666666,2.4512589,1
0.2853148,2.4533334,1
0.2853148,2.4533334,0
0.71333331,2.4512589,1
0.71333331,2.4512589,0
0.7146852,2.4533334,0
0.7146852,2.4533334,1
0.2813375,2.46,1
0.2813375,2.46,0
0.7186625,2.46,1
0.7186625,2.46,0
0.28,2.4619129,0
0.28,2.4619129,1
0.27687764,2.4666667,1
0.27687764,2.4666667,0
0.72000003,2.4619129,1
0.72000003,2.4619129,0
0.72312242,2.4666667,0
0.72312242,2.4666667,1
0.27333334,2.4718456,0
0.27333334,2.4718456,1
0.27221647,2.4733334,1
0.27221647,2.4733334,0
0.72666669,2.4718456,1
0.72666669,2.4718456,0
0.72778356,2.4733334,0
0.72778356,2.4733334,1
0.26771253,2.48,1
0.26771253,2.48,0
0.73228747,2.48,1
0.73228747,2.48,0
0.26666668,2.4813213,0
0.26666668,2.4813213,1
0.26274163,2.4866667,1
0.26274163,2.4866667,0
0.73333335,2.4813213,1
0.73333335,2.4813213,0
0.73725837,2.4866667,0
0.73725837,2.4866667,1
0.25999999,2.4900906,0
0.25999999,2.4900906,1
0.2573714,2.4933333,1
0.2573714,2.4933333,0
0.74000001,2.4900906,1
0.74000001,2.4900906,0
0.74262857,2.4933333,0
0.74262857,2.4933333,1
0.25333333,2.4983013,0
0.25333333,2.4983013,1
0.25185937,2.5,1
0.25185937,2.5,0
0.74666667,2.4983013,1
0.74666667,2.4983013,0
0.74814063,2.5,0
0.74814063,2.5,1
0.24666667,2.5062251,0
0.24666667,2.5062251,1
0.24626465,2.5066667,1
0.24626465,2.5066667,0
0.75333333,2.5062251,1
0.75333333,2.5062251,0
0.75373536,2.5066667,0
0.75373536,2.5066667,1
0.24047086,2.5133333,1
0.24047086,2.5133333,0
0.75952911,2.5133333,1
0.75952911,2.5133333,0
0.23999999,2.5138321,0
0.23999999,2.5138321,1
0.23427469,2.52,1
0.23427469,2.52,0
0.75999999,2.5138321,1
0.75999999,2.5138321,0
0.76572531,2.52,0
0.76572531,2.52,1
0.23333333,2.5209627,0
0.23333333,2.5209627,1
0.22767389,2.5266666,1
0.22767389,2.5266666,0
0.76666665,2.5209627,1
0.76666665,2.5209627,0
0.77232611,2.5266666,0
0.77232611,2.5266666,1
0.22666667,2.5276601,0
0.22666667,2.5276601,1
0.22065248,2.5333333,1
0.22065248,2.5333333,0
0.77333331,2.5276601,1
0.77333331,2.5276601,0
0.77934748,2.5333333,0
0.77934748,2.5333333,1
0.21333334,2.5398171,0
0.21333334,2.5398171,1
0.21313354,2.54,1
0.21313354,2.54,0
0.22,2.5339541,1
0.22,2.5339541,0
0.77999997,2.5339541,1
0.77999997,2.5339541,0
0.78666669,2.5398171,1
0.78666669,2.5398171,0
0.78686649,2.54,0
0.78686649,2.54,1
0.20666666,2.5454082,0
0.20666666,2.5454082,1
0.20522307,2.5466666,1
0.20522307,2.5466666,0
0.79333335,2.5454082,1
0.79333335,2.5454082,0
0.79477692,2.5466666,0
0.79477692,2.5466666,1
0.2,2.5508986,0
0.2,2.5508986,1
0.19701391,2.5533333,1
0.19701391,2.5533333,0
0.80000001,2.5508986,1
0.80000001,2.5508986,0
0.80298609,2.5533333,0
0.80298609,2.5533333,1
0.19333333,2.5562663,0
0.19333333,2.5562663,1
0.18827625,2.5599999,1
0.18827625,2.5599999,0
0.80666667,2.5562663,1
0.80666667,2.5562663,0
0.81172377,2.5599999,0
0.81172377,2.5599999,1
0.18000001,2.5657177,0
0.18000001,2.5657177,1
0.1787174,2.5666666,1
0.1787174,2.5666666,0
0.18666667,2.5612669,1
0.18666667,2.5612669,0
0.81333333,2.5612669,1
0.81333333,2.5612669,0
0.81999999,2.5657177,1
0.81999999,2.5657177,0
0.82128257,2.5666666,0
0.82128257,2.5666666,1
0.17333333,2.5702672,0
0.17333333,2.5702672,1
0.16859087,2.5733333,1
0.16859087,2.5733333,0
0.82666665,2.5702672,1
0.82666665,2.5702672,0
0.8314091,2.5733333,0
0.8314091,2.5733333,1
0.16,2.5785174,0
0.16,2.5785174,1
0.15759794,2.5799999,1
0.15759794,2.5799999,0
0.16666667,2.5746574,1
0.16666667,2.5746574,0
0.83333331,2.5746574,1
0.83333331,2.5746574,0
0.83999997,2.5785174,1
0.83999997,2.5785174,0
0.84240204,2.5799999,0
0.84240204,2.5799999,1
0.14666666,2.5860934,0
0.14666666,2.5860934,1
0.14568263,2.5866666,1
0.14568263,2.5866666,0
0.15333334,2.5825148,1
0.15333334,2.5825148,0
0.84666669,2.5825148,1
0.84666669,2.5825148,0
0.85333335,2.5860934,1
0.85333335,2.5860934,0
0.85431737,2.5866666,0
0.85431737,2.5866666,1
0.13333334,2.5929472,0
0.13333334,2.5929472,1
0.13260107,2.5933332,1
0.13260107,2.5933332,0
0.14,2.589659,1
0.14,2.589659,0
0.86000001,2.589659,1
0.86000001,2.589659,0
0.86666667,2.5929472,1
0.86666667,2.5929472,0
0.86739898,2.5933332,0
0.86739898,2.5933332,1
0.12,2.5991216,0
0.12,2.5991216,1
0.11807134,2.5999999,1
0.11807134,2.5999999,0
0.12666667,2.5961609,1
0.12666667,2.5961609,0
0.87333333,2.5961609,1
0.87333333,2.5961609,0
0.88,2.5991216,1
0.88,2.5991216,0
0.88192868,2.5999999,0
0.88192868,2.5999999,1
0.10666667,2.6047416,0
0.10666667,2.6047416,1
0.10171793,2.6066666,1
0.10171793,2.6066666,0
0.11333334,2.6020536,1
0.11333334,2.6020536,0
0.88666666,2.6020536,1
0.88666666,2.6020536,0
0.89333332,2.6047416,1
0.89333332,2.6047416,0
0.89828205,2.6066666,0
0.89828205,2.6066666,1
0.086666666,2.6120539,0
0.086666666,2.6120539,1
0.082793787,2.6133332,1
0.082793787,2.6133332,0
0.093333334,2.6097729,1
0.093333334,2.6097729,0
0.1,2.6073661,1
0.1,2.6073661,0
0.89999998,2.6073661,1
0.89999998,2.6073661,0
0.9066667,2.6097729,1
0.9066667,2.6097729,0
0.91333336,2.6120539,1
0.91333336,2.6120539,0
0.91720623,2.6133332,0
0.91720623,2.6133332,1
0.059999999,2.6199496,0
0.059999999,2.6199496,1
0.059806947,2.6199999,1
0.059806947,2.6199999,0
0.06666667,2.6181855,1
0.06666667,2.6181855,0
0.07333333,2.6162827,1
0.07333333,2.6162827,0
0.079999998,2.6142664,1
0.079999998,2.6142664,0
0.92000002,2.6142664,1
0.92000002,2.6142664,0
0.92666668,2.6162827,1
0.92666668,2.6162827,0
0.93333334,2.6181855,1
0.93333334,2.6181855,0
0.94,2.6199496,1
0.94,2.6199496,0
0.94019306,2.6199999,0
0.94019306,2.6199999,1
0.026666667,2.6266131,0
0.026666667,2.6266131,1
0.026249941,2.6266668,1
0.026249941,2.6266668,0
0.033333335,2.6256011,1
0.033333335,2.6256011,0
0.039999999,2.6244183,1
0.039999999,2.6244183,0
0.046666667,2.6230774,1
0.046666667,2.6230774,0
0.053333335,2.6215861,1
0.053333335,2.6215861,0
0.94666666,2.6215861,1
0.94666666,2.6215861,0
0.95333332,2.6230774,1
0.95333332,2.6230774,0
0.95999998,2.6244183,1
0.95999998,2.6244183,0
0.96666664,2.6256011,1
0.96666664,2.6256011,0
0.97333336,2.6266131,1
0.97333336,2.6266131,0
0.97375011,2.6266668,0
0.97375011,2.6266668,1
0,2.6287189,1
0,2.6287189,0
0.0066666668,2.6285372,1
0.0066666668,2.6285372,0
0.013333334,2.6280844,1
0.013333334,2.6280844,0
0.02,2.6274459,1
0.02,2.6274459,0
0.98000002,2.6274459,1
0.98000002,2.6274459,0
0.98666668,2.6280844,1
0.98666668,2.6280844,0
0.99333334,2.6285372,1
0.99333334,2.6285372,0
1,2.6287189,1
1,2.6287189,0
